NOAA 15
1 25338U 98030A   26197.28126177  .00000040  00000+0  33893-4 0  9993
2 25338  98.5065 217.1273 0009005 261.2216  98.7945 14.27154577465441
NOAA 20 (JPSS-1)
1 43013U 17073A   26197.25313015  .00000001  00000+0  21288-4 0  9999
2 43013  98.7772 136.4583 0001428 123.5987 236.5325 14.19516538448592
NOAA 21 (JPSS-2)
1 54234U 22150A   26197.28541063  .00000013  00000+0  26708-4 0  9992
2 54234  98.7059 135.5860 0002845 102.6542 257.4953 14.19541144190677
TERRA
1 25994U 99068A   26197.25997314  .00000172  00000+0  44041-4 0  9992
2 25994  97.9441 245.6512 0003458 120.5405 304.2363 14.61124158413852
AQUA
1 27424U 02022A   26195.50499725  .00000358  00000+0  80864-4 0  9994
2 27424  98.4295 165.3370 0000927 111.8770   0.7592 14.62196472287266
AURA
1 28376U 04026A   26197.29142494  .00000333  00000+0  77215-4 0  9992
2 28376  98.3431 153.9889 0001339  93.7413 266.3941 14.61368611170468
LANDSAT 8
1 39084U 13008A   26197.20944103  .00000146  00000+0  42523-4 0  9994
2 39084  98.2290 266.9980 0001360  92.6241 267.5113 14.57094495702125
LANDSAT 9
1 49260U 21088A   26197.17523796  .00000158  00000+0  45115-4 0  9998
2 49260  98.2269 266.9999 0001126  88.8173 271.3154 14.57095887255227
SENTINEL-1A
1 39634U 14016A   26197.30461888  .00000182  00000+0  48342-4 0  9995
2 39634  98.1768 204.4124 0001426  85.7195 274.4167 14.59196633654262
SENTINEL-2A
1 40697U 15028A   26197.30560848  .00000068  00000+0  42683-4 0  9991
2 40697  98.5682 271.7425 0001290  94.8749 265.2581 14.30814775577892
SENTINEL-3A
1 41335U 16011A   26197.25032244  .00000046  00000+0  36892-4 0  9993
2 41335  98.6237 264.2145 0001354  89.5572 270.5763 14.26739936542209
SENTINEL-5P
1 42969U 17064A   26197.24206510  .00000010  00000+0  25544-4 0  9997
2 42969  98.7929 139.1678 0001145  93.2479 266.8828 14.19523382453680
ISS (ZARYA)
1 25544U 98067A   26197.21800738  .00003540  00000+0  72346-4 0  9991
2 25544  51.6313 156.4232 0006748 301.4056  58.6272 15.49021242576253
CSS (TIANHE)
1 48274U 21035A   26197.24049423  .00001153  00000+0  19133-4 0  9999
2 48274  41.4687 145.4981 0002241 301.7123  58.3496 15.58121312297704
HST
1 20580U 90037B   26197.21735952  .00003185  00000+0  95693-4 0  9995
2 20580  28.4722 242.1156 0002181 113.0880 246.9946 15.31066695793029
CYGFM05
1 41884U 16078A   26197.02678188  .00015884  00000+0  20609-3 0  9997
2 41884  34.9569  69.4362 0005792  45.5775 314.5423 15.57880539533250
CYGFM04
1 41885U 16078B   26196.96813023  .00021330  00000+0  22598-3 0  9991
2 41885  34.9324  36.0131 0004131  93.9357 266.1842 15.63112706533509
CYGFM02
1 41886U 16078C   26197.22975875  .00024305  00000+0  22557-3 0  9996
2 41886  34.9406  27.9069 0004877 100.6649 259.4628 15.66411645533725
LEGION 3
1 60452U 24146A   26197.19336918  .00001326  00000+0  82208-4 0  9994
2 60452  45.0018 235.0382 0008111 339.4365  20.6186 15.15658436106424
JASON-3
1 41240U 16002A   26197.28431069 -.00000026  00000+0  14215-3 0  9992
2 41240  66.0416  64.6625 0008172 270.8706  89.1376 12.87628714490994
SENTINEL-6A
1 46984U 20086A   26197.05165486 -.00000036  00000+0  10728-3 0  9997
2 46984  66.0412  75.1016 0007785 269.7329  90.2794 12.80930199264024
SWOT
1 54754U 22173A   26197.21302572 -.00000011  00000+0 -54421-5 0  9991
2 54754  77.6111 356.1238 0000239  74.2689 285.8489 14.00172427183215
SWARM B
1 39451U 13067A   26197.33043248  .00001931  00000+0  67911-4 0  9992
2 39451  87.7460 333.4636 0002272  83.4489 276.7019 15.28721193687690
SWARM A
1 39452U 13067B   26197.24954148  .00005556  00000+0  93420-4 0  9994
2 39452  87.3295  45.4341 0003330  93.3412 266.8230 15.51470311710756
TIMED
1 26998U 01055B   26197.11129768  .00000546  00000+0  53091-4 0  9991
2 26998  74.0666 176.7773 0002254 299.7159  60.3801 14.95345646335149
CRYOSAT 2
1 36508U 10013A   26197.23474740  .00000115  00000+0  27862-4 0  9998
2 36508  92.0359 284.3633 0002405  98.6739 261.4741 14.51898626862296
RESURS-DK 1
1 29228U 06021A   26197.18580835  .00000854  00000+0  53925-4 0  9999
2 29228  69.9306 264.4811 0007161 269.9586  90.0759 15.13320706106964
IRIDIUM 33
1 24946U 97051C   26196.87866541  .00000119  00000+0  34871-4 0  9993
2 24946  86.3895 337.9122 0006322 219.9806 140.0926 14.35159307509207
IRIDIUM 33 DEB
1 33773U 97051L   26197.30051660  .00000437  00000+0  12260-3 0  9998
2 33773  86.4034 329.2260 0012258 150.9395 209.2491 14.43692817914572
IRIDIUM 33 DEB
1 33775U 97051N   26197.26521325  .00000666  00000+0  19640-3 0  9998
2 33775  86.3648 317.5075 0013989 161.7717 219.9092 14.42093081912466
IRIDIUM 33 DEB
1 33776U 97051P   26196.91032036  .00000337  00000+0  10354-3 0  9994
2 33776  86.4057 350.3789 0013565 203.1889 276.7711 14.38571670911750
IRIDIUM 33 DEB
1 33777U 97051Q   26196.81871900  .00001821  00000+0  40027-3 0  9994
2 33777  86.3795 301.5454 0004937 239.5615 120.5106 14.57043198916646
IRIDIUM 33 DEB
1 33850U 97051T   26197.23615333  .00000567  00000+0  16405-3 0  9998
2 33850  86.3416 297.4863 0012403 167.9066 220.4946 14.42742669912591
IRIDIUM 33 DEB
1 33860U 97051AD  26197.22283155  .00002652  00000+0  43324-3 0  9998
2 33860  86.3818 291.5857 0005928 326.6574  62.9114 14.70533467918865
IRIDIUM 33 DEB
1 33862U 97051AF  26197.27313470  .00002166  00000+0  32111-3 0  9991
2 33862  86.4095 302.1155 0048834  43.2710 346.5555 14.73797454919943
IRIDIUM 33 DEB
1 33866U 97051AK  26196.95214234  .00001946  00000+0  74844-3 0  9991
2 33866  86.3019   1.8853 0112963 188.8880 292.7565 14.26479220898775
IRIDIUM 33 DEB
1 33953U 97051BN  26197.29404245  .00001498  00000+0  32572-3 0  9993
2 33953  86.3866 320.0832 0018480  94.9008 293.0674 14.57298394914413
IRIDIUM 33 DEB
1 33960U 97051BV  26196.99245023  .00007309  00000+0  66952-3 0  9990
2 33960  86.2562 187.1436 0004651  78.7714 335.8014 14.94790292920745
IRIDIUM 33 DEB
1 34071U 97051CE  26197.17282270  .00000867  00000+0  21656-3 0  9994
2 34071  86.3440 284.1117 0009909 108.0223 252.2063 14.50459057914564
IRIDIUM 33 DEB
1 34077U 97051CL  26197.27102479  .00003314  00000+0  56947-3 0  9994
2 34077  86.3866 316.2729 0008595  21.2197   3.0286 14.68365997914921
IRIDIUM 33 DEB
1 34079U 97051CN  26197.27252434  .00005865  00000+0  60102-3 0  9994
2 34079  86.3721 270.0099 0003331 293.9362 149.4876 14.90311261921811
IRIDIUM 33 DEB
1 34088U 97051CX  26197.24466561  .00016523  00000+0  11306-2 0  9993
2 34088  86.3773 290.4593 0005812 151.9360 237.6972 15.05994616919700
IRIDIUM 33 DEB
1 34521U 97051HN  26197.23961650  .00002345  00000+0  42373-3 0  9999
2 34521  86.3790 295.4483 0002028 207.6904 152.4202 14.66050010916279
COSMOS 2251 DEB
1 33757U 93036E   26197.24066473  .00000034  00000+0  22028-4 0  9997
2 33757  74.0376 290.1914 0015817 256.7815 132.2209 14.32629687910823
COSMOS 2251 DEB
1 33758U 93036F   26197.01060672  .00001256  00000+0  31096-3 0  9999
2 33758  74.0262 169.0308 0016707 193.5314 227.6534 14.52956972914309
COSMOS 2251 DEB
1 33760U 93036H   26197.21781589  .00000081  00000+0  37100-4 0  9999
2 33760  74.0305 245.9522 0021605 294.4908 132.3382 14.35793185912177
COSMOS 2251 DEB
1 33761U 93036J   26197.06308302  .00000478  00000+0  15004-3 0  9999
2 33761  74.0337 212.4516 0024215 246.4310 144.3574 14.43093882913408
COSMOS 2251 DEB
1 33762U 93036K   26197.17984683  .00000036  00000+0  22204-4 0  9995
2 33762  74.0416 276.1362 0016369 288.4401  96.7539 14.33723937911354
COSMOS 2251 DEB
1 33764U 93036M   26197.23128034  .00000315  00000+0  10823-3 0  9997
2 33764  74.0317 234.5950 0020946 149.0807 279.7458 14.39906128912585
COSMOS 2251 DEB
1 33765U 93036N   26197.08633847  .00019314  00000+0  73701-3 0  9997
2 33765  73.9996  82.1524 0052343 120.0417 240.5991 15.25308989928866
COSMOS 2251 DEB
1 33766U 93036P   26197.17913802  .00000507  00000+0  18076-3 0  9998
2 33766  74.1859 103.5222 0064054 245.6130 113.8330 14.35574031908364
COSMOS 2251 DEB
1 33768U 93036R   26197.22043103  .00000038  00000+0  53505-4 0  9990
2 33768  74.0666 232.0205 0367755 341.8602  82.3125 13.58625160862227
COSMOS 2251 DEB
1 33779U 93036U   26197.24651872  .00006174  00000+0  91586-3 0  9999
2 33779  74.0441 111.0073 0014144  99.5877  57.5693 14.75209138917016
COSMOS 2251 DEB
1 33819U 93036BL  26197.06428256  .00000896  00000+0  32245-3 0  9994
2 33819  74.1778 180.1017 0089516 339.6619  87.6600 14.32934549905795
COSMOS 2251 DEB
1 33821U 93036BN  26196.98770987  .00022899  00000+0  55562-3 0  9992
2 33821  74.0235  42.3563 0032707  19.6615 340.5845 15.40383329782992
COSMOS 2251 DEB
1 33822U 93036BP  26196.99604148  .00001015  00000+0  48839-3 0  9995
2 33822  74.0675 173.2363 0150734 168.4515 260.2414 14.14247232890965
COSMOS 2251 DEB
1 33823U 93036BQ  26197.26365838  .00000460  00000+0  27732-3 0  9999
2 33823  73.8097 131.4403 0208581 219.3919 214.8805 13.99403652886247
COSMOS 2251 DEB
1 33825U 93036BS  26197.31595848  .00001970  00000+0  29724-3 0  9993
2 33825  73.9839 327.2804 0077018 242.8396 140.7248 14.73118584920510
COSMOS 2251 DEB
1 33826U 93036BT  26196.94348728  .00000908  00000+0  21035-3 0  9992
2 33826  74.0635   4.3543 0083077 356.6647 126.5844 14.54542055908956
COSMOS 2251 DEB
1 33828U 93036BV  26197.10378436  .00000487  00000+0  14669-3 0  9999
2 33828  74.0444 197.3785 0029655 221.9250 209.6514 14.44931896914232
COSMOS 2251 DEB
1 33830U 93036BX  26197.30822056  .00001934  00000+0  26060-3 0  9992
2 33830  74.0304 166.7752 0043004 234.9275 194.3203 14.79312268926578
COSMOS 2251 DEB
1 33832U 93036BZ  26197.00784424  .00002486  00000+0  48603-3 0  9997
2 33832  74.0536 158.2384 0021788 141.7536 288.6278 14.63280989915714
COSMOS 2251 DEB
1 33835U 93036CC  26197.29204084  .00001606  00000+0  30512-3 0  9993
2 33835  74.0557  48.1273 0054495  45.7924  71.1976 14.64090064919425
COSMOS 2251 DEB
1 33836U 93036CD  26196.95550854  .00003758  00000+0  46019-3 0  9994
2 33836  73.9939 192.8590 0024344 341.0473  45.3585 14.83359889672764
COSMOS 2251 DEB
1 33837U 93036CE  26196.75913042  .00000393  00000+0  10549-3 0  9996
2 33837  74.0121  10.6287 0034126 180.6335 179.4789 14.51110059919143
COSMOS 2251 DEB
1 33838U 93036CF  26197.21494872  .00000477  00000+0  13278-3 0  9999
2 33838  74.0369 106.0663 0026839 175.9650 343.5045 14.48938903916895
COSMOS 2251 DEB
1 33839U 93036CG  26197.32668889  .00000327  00000+0  64111-4 0  9990
2 33839  74.0387 152.0072 0084541 210.3472 301.9516 14.64967987927368
COSMOS 2251 DEB
1 33911U 93036DQ  26197.20915553  .00004254  00000+0  56323-3 0  9999
2 33911  74.0894 100.2880 0010091 329.4372 186.6456 14.80205416918275
COSMOS 2251 DEB
1 33912U 93036DR  26197.31736116  .00001065  00000+0  26396-3 0  9992
2 33912  74.0334 143.1623 0011088 179.6319 334.0214 14.53119229915633
COSMOS 2251 DEB
1 33913U 93036DS  26197.29102387  .00000637  00000+0  17199-3 0  9992
2 33913  74.0335 139.4941 0047707 190.5814 321.0613 14.49281192915795
COSMOS 2251 DEB
1 33914U 93036DT  26196.95932786  .00000192  00000+0  16748-3 0  9994
2 33914  74.0896  20.2937 0303542  73.1596  43.4904 13.72249568870339
COSMOS 2251 DEB
1 33915U 93036DU  26197.22297866  .00000425  00000+0  14681-3 0  9992
2 33915  74.0429 358.9878 0105848  38.1672 136.1539 14.35640322908498
COSMOS 2251 DEB
1 33916U 93036DV  26197.01381917  .00000254  00000+0  22161-3 0  9993
2 33916  74.0506  46.8264 0324229 170.8867 350.5151 13.68785653868368
COSMOS 2251 DEB
1 33917U 93036DW  26197.25212837  .00000221  00000+0  18623-3 0  9996
2 33917  74.1055 128.8325 0334133 178.9066 181.2863 13.69919564866844
COSMOS 2251 DEB
1 33920U 93036DZ  26197.13199753  .00002300  00000+0  46834-3 0  9993
2 33920  74.0589 248.0010 0032422 208.3819 151.5583 14.61309060912584
