NOAA 15
1 25338U 98030A   26199.80520378  .00000028  00000+0  29190-4 0  9995
2 25338  98.5064 219.5831 0009055 252.7462 107.2728 14.27154991465804
NOAA 20 (JPSS-1)
1 43013U 17073A   26199.79063111  .00000026  00000+0  33271-4 0  9991
2 43013  98.7772 138.9734 0001516 120.6239 239.5086 14.19516873448952
NOAA 21 (JPSS-2)
1 54234U 22150A   26199.82287061  .00000002  00000+0  21809-4 0  9994
2 54234  98.7059 138.0808 0002896  98.3169 261.8336 14.19541399191036
TERRA
1 25994U 99068A   26199.80267962  .00000157  00000+0  40867-4 0  9999
2 25994  97.9439 248.0926 0003541 115.7251 355.8160 14.61125268414225
AQUA
1 27424U 02022A   26199.86910771  .00000313  00000+0  72096-4 0  9995
2 27424  98.4299 169.7895 0001254 101.6287 288.6634 14.62131328287908
AURA
1 28376U 04026A   26199.82479501  .00000347  00000+0  79964-4 0  9993
2 28376  98.3432 156.5439 0001372  93.9382 266.1975 14.61370724170837
LANDSAT 8
1 39084U 13008A   26199.81891213  .00000147  00000+0  42833-4 0  9991
2 39084  98.2287 269.5761 0001350  91.5310 268.6043 14.57095670702503
LANDSAT 9
1 49260U 21088A   26199.78470674  .00000148  00000+0  42939-4 0  9993
2 49260  98.2267 269.5772 0001092  91.0107 269.1216 14.57096977255605
SENTINEL-1A
1 39634U 14016A   26199.84179260 -.00000191  00000+0 -30906-4 0  9995
2 39634  98.1730 206.9118 0001452  83.7987 276.3378 14.59172954654633
SENTINEL-2A
1 40697U 15028A   26199.82309602  .00000107  00000+0  57613-4 0  9992
2 40697  98.5673 274.2241 0001305  95.7199 264.4132 14.30815215578256
SENTINEL-3A
1 41335U 16011A   26199.84512161  .00000040  00000+0  34479-4 0  9994
2 41335  98.6234 266.7716 0001323  89.1412 270.9920 14.26740408542577
SENTINEL-5P
1 42969U 17064A   26199.77955308  .00000002  00000+0  22100-4 0  9999
2 42969  98.7929 141.6874 0001165  93.9963 266.1346 14.19523568454048
ISS (ZARYA)
1 25544U 98067A   26199.86307315  .00004074  00000+0  81939-4 0  9998
2 25544  51.6317 143.3357 0006808 311.9482  48.0925 15.49045026576665
CSS (TIANHE)
1 48274U 21035A   26199.86839132  .00011657  00000+0  15417-3 0  9993
2 48274  41.4683 129.5686 0002055 305.4241  54.6405 15.58184623298119
HST
1 20580U 90037B   26199.75945338  .00002987  00000+0  89242-4 0  9999
2 20580  28.4721 224.7316 0002157 138.2222 221.8539 15.31081460793414
CYGFM05
1 41884U 16078A   26199.78217951  .00015378  00000+0  19895-3 0  9992
2 41884  34.9570  51.1543 0005382  76.1277 284.0047 15.57966005533686
CYGFM04
1 41885U 16078B   26199.84197242  .00020600  00000+0  21725-3 0  9999
2 41885  34.9330  16.7903 0004170 127.9660 232.1443 15.63234226533957
CYGFM02
1 41886U 16078C   26199.84260714  .00025345  00000+0  23388-3 0  9993
2 41886  34.9411  10.3456 0004900 129.8285 230.2874 15.66548595534134
LEGION 3
1 60452U 24146A   26199.76382854  .00001061  00000+0  68495-4 0  9997
2 60452  45.0015 221.2602 0007863 353.4810   6.5965 15.15666173106815
JASON-3
1 41240U 16002A   26199.84741425 -.00000034  00000+0  11079-3 0  9990
2 41240  66.0416  59.2735 0008149 270.6018  89.4067 12.87628845491327
SENTINEL-6A
1 46984U 20086A   26199.78431201 -.00000055  00000+0  27119-4 0  9994
2 46984  66.0412  69.4257 0007777 269.6689  90.3435 12.80930243264377
SWOT
1 54754U 22173A   26199.85682890 -.00000037  00000+0 -23562-4 0  9996
2 54754  77.6115 352.5548 0000234  66.3041 293.8136 14.00172489183588
SWARM B
1 39451U 13067A   26199.81789418  .00001836  00000+0  64460-4 0  9993
2 39451  87.7464 332.7084 0002226  86.2502 273.9002 15.28730532688070
SWARM A
1 39452U 13067B   26199.82954145  .00005797  00000+0  97405-4 0  9991
2 39452  87.3298  44.4737 0003340  92.4204 267.7439 15.51500932711156
TIMED
1 26998U 01055B   26199.72049755  .00000506  00000+0  49449-4 0  9995
2 26998  74.0668 171.5234 0002316 296.9180  63.1768 14.95348507335533
CRYOSAT 2
1 36508U 10013A   26199.85371477  .00000077  00000+0  18453-4 0  9994
2 36508  92.0357 284.9999 0002438  98.8131 261.3353 14.51899120862679
RESURS-DK 1
1 29228U 06021A   26199.56535780  .00000867  00000+0  54664-4 0  9997
2 29228  69.9303 258.3198 0007303 267.3280  92.7050 15.13325666107326
IRIDIUM 33
1 24946U 97051C   26199.80702339  .00000130  00000+0  38614-4 0  9995
2 24946  86.3899 336.6834 0006651 208.5262 151.5571 14.35159925509627
IRIDIUM 33 DEB
1 33773U 97051L   26199.79571472  .00000412  00000+0  11527-3 0  9999
2 33773  86.4037 328.1685 0012547 143.5945 216.6112 14.43694655914938
IRIDIUM 33 DEB
1 33775U 97051N   26199.85325971  .00000668  00000+0  19711-3 0  9995
2 33775  86.3650 316.4019 0014289 154.0583 335.0230 14.42096564912839
IRIDIUM 33 DEB
1 33776U 97051P   26199.83106545  .00000374  00000+0  11581-3 0  9999
2 33776  86.4061 349.1520 0013961 193.2281 283.2703 14.38573974912179
IRIDIUM 33 DEB
1 33777U 97051Q   26199.77179723  .00001694  00000+0  37177-3 0  9996
2 33777  86.3791 300.2583 0005201 226.9242 133.1532 14.57053133917073
IRIDIUM 33 DEB
1 33850U 97051T   26199.82079785  .00000513  00000+0  14782-3 0  9997
2 33850  86.3416 296.3740 0012723 160.1006 324.0812 14.42745064912963
IRIDIUM 33 DEB
1 33860U 97051AD  26199.75886242  .00002550  00000+0  41632-3 0  9991
2 33860  86.3813 290.4576 0005705 314.1960 172.2178 14.70547364919238
IRIDIUM 33 DEB
1 33862U 97051AF  26199.80207537  .00002063  00000+0  30566-3 0  9996
2 33862  86.4090 300.9931 0048468  34.6727  84.1383 14.73808284920312
IRIDIUM 33 DEB
1 33866U 97051AK  26199.73737970  .00001898  00000+0  72920-3 0  9996
2 33866  86.3022   0.7052 0113291 179.9583 195.8725 14.26489706899170
IRIDIUM 33 DEB
1 33953U 97051BN  26199.79129524  .00001400  00000+0  30404-3 0  9999
2 33953  86.3868 318.9965 0018403  87.6244  73.1995 14.57305765914777
IRIDIUM 33 DEB
1 33960U 97051BV  26199.42048836  .00006110  00000+0  55885-3 0  9996
2 33960  86.2571 185.9833 0004544  76.5875  75.2892 14.94822469921109
IRIDIUM 33 DEB
1 34071U 97051CE  26199.72537192  .00000814  00000+0  20283-3 0  9990
2 34071  86.3438 283.0003 0009934 101.5768 258.6552 14.50463429914935
IRIDIUM 33 DEB
1 34077U 97051CL  26199.81932433  .00003246  00000+0  55760-3 0  9993
2 34077  86.3863 315.1445 0008154  12.2857 153.8783 14.68383854915294
IRIDIUM 33 DEB
1 34079U 97051CN  26199.69723375  .00006376  00000+0  65305-3 0  9997
2 34079  86.3716 268.8945 0003423 277.6785 206.1005 14.90343700922178
IRIDIUM 33 DEB
1 34088U 97051CX  26199.78670111  .00016210  00000+0  11065-2 0  9997
2 34088  86.3760 289.2622 0005931 144.4487 338.1710 15.06083678920082
IRIDIUM 33 DEB
1 34521U 97051HN  26199.76503694  .00002273  00000+0  41038-3 0  9996
2 34521  86.3786 294.3319 0002383 196.6644 163.4492 14.66062297916646
COSMOS 2251 DEB
1 33757U 93036E   26199.71047795  .00000031  00000+0  20927-4 0  9990
2 33757  74.0374 285.6826 0015812 252.0145 269.8631 14.32629995911179
COSMOS 2251 DEB
1 33758U 93036F   26199.64912652  .00001194  00000+0  29590-3 0  9991
2 33758  74.0264 164.0502 0016599 187.7425 349.0015 14.52963477914681
COSMOS 2251 DEB
1 33760U 93036H   26199.31102606  .00000077  00000+0  35714-4 0  9993
2 33760  74.0302 242.1097 0021657 290.3251 151.6593 14.35793676912479
COSMOS 2251 DEB
1 33761U 93036J   26199.51426638  .00000452  00000+0  14222-3 0  9997
2 33761  74.0336 207.8995 0024178 241.4501 278.4354 14.43096505913759
COSMOS 2251 DEB
1 33762U 93036K   26199.56011839  .00000023  00000+0  17608-4 0  9992
2 33762  74.0413 271.7843 0016390 283.8115 142.0007 14.33724146911696
COSMOS 2251 DEB
1 33764U 93036M   26199.81052177  .00000299  00000+0  10319-3 0  9998
2 33764  74.0314 229.8291 0020832 143.5574 329.8022 14.39908046912957
COSMOS 2251 DEB
1 33765U 93036N   26199.77538978  .00019052  00000+0  72498-3 0  9995
2 33765  73.9991  76.4549 0051957 113.6740 246.9925 15.25421918929272
COSMOS 2251 DEB
1 33766U 93036P   26199.82724196  .00000541  00000+0  19229-3 0  9997
2 33766  74.1859  98.7086 0063952 240.0481 119.4314 14.35577345908748
COSMOS 2251 DEB
1 33768U 93036R   26199.34536377  .00000051  00000+0  65112-4 0  9997
2 33768  74.0664 228.5897 0367809 337.9566  35.4710 13.58625571862514
COSMOS 2251 DEB
1 33779U 93036U   26199.80460597  .00006516  00000+0  96543-3 0  9993
2 33779  74.0434 106.0086 0014338  93.8245 323.2053 14.75244288917396
COSMOS 2251 DEB
1 33819U 93036BL  26199.65647257  .00000842  00000+0  30343-3 0  9993
2 33819  74.1778 175.4075 0089574 334.2899 139.6140 14.32939047906168
COSMOS 2251 DEB
1 33821U 93036BN  26199.52056511  .00018959  00000+0  45889-3 0  9998
2 33821  74.0239  36.8743 0032709  13.1758 347.0296 15.40491774783383
COSMOS 2251 DEB
1 33822U 93036BP  26199.88852931  .00001130  00000+0  54226-3 0  9996
2 33822  74.0673 168.1193 0150755 162.5342 226.8523 14.14252954891375
COSMOS 2251 DEB
1 33823U 93036BQ  26199.83433109  .00000504  00000+0  30224-3 0  9990
2 33823  73.8097 126.9317 0208456 214.4060 205.6003 13.99406470886603
COSMOS 2251 DEB
1 33825U 93036BS  26199.76737519  .00002112  00000+0  31805-3 0  9999
2 33825  73.9839 322.4880 0077035 237.5397 181.1092 14.73129784920871
COSMOS 2251 DEB
1 33826U 93036BT  26199.83277764  .00000684  00000+0  16023-3 0  9996
2 33826  74.0637 358.8974 0083028 350.4031 135.9954 14.54545392909378
COSMOS 2251 DEB
1 33828U 93036BV  26199.38824372  .00000477  00000+0  14387-3 0  9992
2 33828  74.0445 193.1263 0029578 217.1806 212.7821 14.44934278914565
COSMOS 2251 DEB
1 33830U 93036BX  26199.35399558  .00001969  00000+0  26520-3 0  9994
2 33830  74.0307 162.7488 0042923 230.4332 289.1177 14.79320995926879
COSMOS 2251 DEB
1 33832U 93036BZ  26199.87188161  .00002451  00000+0  47920-3 0  9993
2 33832  74.0540 152.7508 0021756 135.2253 256.2033 14.63294771916136
COSMOS 2251 DEB
1 33835U 93036CC  26199.52870416  .00001496  00000+0  28471-3 0  9997
2 33835  74.0550  43.8362 0054523  40.8853 340.0995 14.64096842919753
COSMOS 2251 DEB
1 33836U 93036CD  26199.74882101  .00003449  00000+0  42263-3 0  9991
2 33836  73.9948 187.3141 0024404 334.9999 201.8194 14.83379831673176
COSMOS 2251 DEB
1 33837U 93036CE  26199.86147339  .00000389  00000+0  10448-3 0  9992
2 33837  74.0124   4.7837 0034007 174.0540 186.1032 14.51112641919598
COSMOS 2251 DEB
1 33838U 93036CF  26199.82005536  .00000477  00000+0  13254-3 0  9997
2 33838  74.0368 101.1833 0026759 170.3152 252.3438 14.48941692917271
COSMOS 2251 DEB
1 33839U 93036CG  26199.82986042  .00000345  00000+0  67251-4 0  9999
2 33839  74.0389 147.1935 0084424 204.9085 183.3843 14.64970021927731
COSMOS 2251 DEB
1 33911U 93036DQ  26199.75872565  .00004131  00000+0  54683-3 0  9997
2 33911  74.0888  95.2802 0010070 324.4603  92.0190 14.80228379918654
COSMOS 2251 DEB
1 33912U 93036DR  26199.24607149  .00001067  00000+0  26443-3 0  9994
2 33912  74.0336 139.5223 0011011 175.3805 343.6938 14.53123609915916
COSMOS 2251 DEB
1 33913U 93036DS  26199.82196395  .00000615  00000+0  16622-3 0  9991
2 33913  74.0336 134.7466 0047589 185.2075 206.0345 14.49284548916168
COSMOS 2251 DEB
1 33914U 93036DT  26199.78266075  .00000168  00000+0  14851-3 0  9995
2 33914  74.0898  15.6380 0303578  67.8324 311.0580 13.72250780870724
COSMOS 2251 DEB
1 33915U 93036DU  26199.77988583  .00000368  00000+0  12839-3 0  9996
2 33915  74.0432 354.2972 0105910  32.8122  31.0781 14.35642257908869
COSMOS 2251 DEB
1 33916U 93036DV  26199.85252384  .00000239  00000+0  20883-3 0  9994
2 33916  74.0507  42.1606 0324214 165.5869 298.6125 13.68787222868755
COSMOS 2251 DEB
1 33917U 93036DW  26199.22384841  .00000227  00000+0  19065-3 0  9997
2 33917  74.1054 125.5962 0334085 175.2012 185.2452 13.69920292867110
COSMOS 2251 DEB
1 33920U 93036DZ  26199.52809409  .00002108  00000+0  42966-3 0  9992
2 33920  74.0580 243.4253 0032378 203.3537 156.6161 14.61319799912932
