NOAA 15
1 25338U 98030A   26212.63523194  .00000124  00000+0  68327-4 0  9993
2 25338  98.5065 232.0661 0009559 211.3220 148.7392 14.27158706467636
NOAA 20 (JPSS-1)
1 43013U 17073A   26212.83055435  .00000033  00000+0  36637-4 0  9999
2 43013  98.7775 151.8982 0001846 105.3169 254.8211 14.19519128450805
NOAA 21 (JPSS-2)
1 54234U 22150A   26212.86258384  .00000053  00000+0  45568-4 0  9994
2 54234  98.7062 150.9017 0002907  75.1290 285.0208 14.19543574192883
TERRA
1 25994U 99068A   26212.61625343  .00000374  00000+0  85090-4 0  9993
2 25994  97.9429 260.3948 0003688  90.8710  60.6373 14.61135414416098
AQUA
1 27424U 02022A   26212.60236062  .00000764  00000+0  16170-3 0  9997
2 27424  98.4314 182.7812 0001528  99.3306 315.4793 14.62150903289760
AURA
1 28376U 04026A   26212.62849618  .00000753  00000+0  16193-3 0  9992
2 28376  98.3444 169.4580 0001537  92.3037 267.8339 14.61390062172700
LANDSAT 8
1 39084U 13008A   26212.79755770  .00000310  00000+0  78846-4 0  9996
2 39084  98.2278 282.3970 0001278  92.3044 267.8300 14.57104228704396
LANDSAT 9
1 49260U 21088A   26212.76333970  .00000332  00000+0  83671-4 0  9997
2 49260  98.2258 282.3954 0001091 101.8243 258.3077 14.57105924257497
SENTINEL-1A
1 39634U 14016A   26212.87045172 -.00000053  00000+0 -14795-5 0  9994
2 39634  98.1609 219.7313 0001411  82.5097 277.6263 14.59277318656539
SENTINEL-2A
1 40697U 15028A   26212.83009755  .00000113  00000+0  59798-4 0  9998
2 40697  98.5671 287.0432 0001333  91.8841 268.2495 14.30818501580113
SENTINEL-3A
1 41335U 16011A   26212.81913781  .00000095  00000+0  57214-4 0  9992
2 41335  98.6225 279.5557 0001180  86.5229 273.6086 14.26738311544429
SENTINEL-5P
1 42969U 17064A   26212.81941113  .00000044  00000+0  41972-4 0  9993
2 42969  98.7933 154.6357 0001238  90.2000 269.9318 14.19525736455899
ISS (ZARYA)
1 25544U 98067A   26212.50676717  .00008958  00000+0  16881-3 0  9998
2 25544  51.6316  80.7664 0007120 357.3867   2.7084 15.49284690578621
CSS (TIANHE)
1 48274U 21035A   26212.87769866  .00018517  00000+0  23800-3 0  9993
2 48274  41.4684  50.6817 0001002 286.4806  73.5922 15.58650391300147
HST
1 20580U 90037B   26212.86038073  .00006111  00000+0  18930-3 0  9994
2 20580  28.4725 135.1345 0001687 289.8191  70.2223 15.31226507795422
CYGFM05
1 41884U 16078A   26212.65910917  .00024755  00000+0  31158-3 0  9991
2 41884  34.9578 325.6812 0006043 211.7286 148.3075 15.58620741535695
CYGFM04
1 41885U 16078B   26212.48314738  .00032068  00000+0  32640-3 0  9995
2 41885  34.9322 292.1810 0005117 251.3189 108.6982 15.64066293535938
CYGFM02
1 41886U 16078C   26212.52005734  .00038293  00000+0  33845-3 0  9998
2 41886  34.9399 285.0708 0005678 253.4211 106.5893 15.67543524536121
LEGION 3
1 60452U 24146A   26212.54983567  .00003914  00000+0  21516-3 0  9998
2 60452  45.0004 152.7204 0006557  72.0640 288.0953 15.15759425108755
JASON-3
1 41240U 16002A   26212.81826860 -.00000049  00000+0  52915-4 0  9991
2 41240  66.0419  32.0014 0008108 269.1198  90.8892 12.87629351492995
SENTINEL-6A
1 46984U 20086A   26212.82298942 -.00000062  00000+0 -60100-5 0  9995
2 46984  66.0413  42.3422 0007760 269.4039  90.6087 12.80930430266041
SWOT
1 54754U 22173A   26212.79005019  .00000069  00000+0  48481-4 0  9997
2 54754  77.6126 335.0973 0000341  65.0233 295.0954 14.00125725185390
SWARM B
1 39451U 13067A   26212.84394409  .00003470  00000+0  12275-3 0  9996
2 39451  87.7479 328.7548 0002290  98.2919 261.8590 15.28819539690067
SWARM A
1 39452U 13067B   26212.80243476  .00008617  00000+0  15297-3 0  9995
2 39452  87.3294  39.6514 0003091  86.3330 273.8284 15.50026388713162
TIMED
1 26998U 01055B   26212.23114803  .00001125  00000+0  10545-3 0  9996
2 26998  74.0681 146.3324 0002470 282.3603  77.7305 14.95378087337400
CRYOSAT 2
1 36508U 10013A   26212.81069985  .00000148  00000+0  35918-4 0  9998
2 36508  92.0346 288.1490 0002665  96.7409 263.4102 14.51901749864551
RESURS-DK 1
1 29228U 06021A   26212.45437564  .00001812  00000+0  10739-3 0  9997
2 29228  69.9302 224.9466 0007678 255.5748 104.4567 15.13373578109270
IRIDIUM 33
1 24946U 97051C   26212.56627630  .00000231  00000+0  73855-4 0  9992
2 24946  86.3912 331.3313 0008218 165.9319 194.2108 14.35164982511450
IRIDIUM 33 DEB
1 33773U 97051L   26212.75677454  .00000882  00000+0  25370-3 0  9990
2 33773  86.4044 322.6768 0013339 107.2107 253.0555 14.43716451916807
IRIDIUM 33 DEB
1 33775U 97051N   26212.33066392  .00001094  00000+0  32622-3 0  9993
2 33775  86.3651 311.0723 0015208 118.6271 306.8936 14.42125217914632
IRIDIUM 33 DEB
1 33776U 97051P   26212.83798706  .00000705  00000+0  22362-3 0  9998
2 33776  86.4077 343.6903 0015551 151.8838 323.3526 14.38591329914046
IRIDIUM 33 DEB
1 33777U 97051Q   26212.75122088  .00003259  00000+0  71832-3 0  9997
2 33777  86.3784 294.6011 0006783 178.2182 181.9052 14.57135241918963
IRIDIUM 33 DEB
1 33850U 97051T   26212.71935007  .00000927  00000+0  27195-3 0  9990
2 33850  86.3408 290.8232 0013902 122.4680 353.0769 14.42766341914829
IRIDIUM 33 DEB
1 33860U 97051AD  26212.19242057  .00004529  00000+0  74016-3 0  9995
2 33860  86.3808 284.9243 0005933 251.9811 136.9950 14.70673351921062
IRIDIUM 33 DEB
1 33862U 97051AF  26212.77117346  .00003250  00000+0  48376-3 0  9993
2 33862  86.4086 295.2357 0046388 349.2964 136.6600 14.73895272922222
IRIDIUM 33 DEB
1 33866U 97051AK  26212.88098971  .00003952  00000+0  15203-2 0  9992
2 33866  86.3041 355.1350 0114665 138.1672  14.7723 14.26590579901049
IRIDIUM 33 DEB
1 33953U 97051BN  26212.76706880  .00003006  00000+0  65747-3 0  9990
2 33953  86.3874 313.3509 0017402  48.5485 104.8370 14.57382032916669
IRIDIUM 33 DEB
1 33960U 97051BV  26212.85076381  .00014602  00000+0  13261-2 0  9991
2 33960  86.2575 179.5624 0003903  67.0680 317.5404 14.95175616923117
IRIDIUM 33 DEB
1 34071U 97051CE  26212.69489574  .00001591  00000+0  40135-3 0  9993
2 34071  86.3427 277.3529 0009468  68.0864 292.1347 14.50502385916817
IRIDIUM 33 DEB
1 34077U 97051CL  26212.75832324  .00006756  00000+0  11601-2 0  9994
2 34077  86.3866 309.4129 0006629 317.9005 165.3741 14.68556923917199
IRIDIUM 33 DEB
1 34079U 97051CN  26212.50755855  .00011274  00000+0  11473-2 0  9990
2 34079  86.3708 262.9974 0004990 213.8817 201.2816 14.90649071924082
IRIDIUM 33 DEB
1 34088U 97051CX  26212.73946545  .00032183  00000+0  21435-2 0  9994
2 34088  86.3727 283.1539 0005209 102.3299  20.6824 15.06957094922035
IRIDIUM 33 DEB
1 34521U 97051HN  26212.18688599  .00004077  00000+0  73742-3 0  9997
2 34521  86.3777 288.8385 0003994 161.4516 198.6843 14.66172114918466
COSMOS 2251 DEB
1 33757U 93036E   26212.83078910  .00000054  00000+0  29611-4 0  9996
2 33757  74.0355 261.7296 0015563 226.6113 255.7686 14.32631984913053
COSMOS 2251 DEB
1 33758U 93036F   26212.84555609  .00002468  00000+0  60340-3 0  9997
2 33758  74.0282 139.1394 0016233 158.1988 257.9920 14.53029299916606
COSMOS 2251 DEB
1 33760U 93036H   26212.48750968  .00000142  00000+0  57977-4 0  9995
2 33760  74.0296 217.9211 0021751 264.3582 217.7228 14.35798336914369
COSMOS 2251 DEB
1 33761U 93036J   26212.40845769  .00000929  00000+0  28360-3 0  9998
2 33761  74.0350 183.9543 0023805 215.0578 305.4886 14.43121251915610
COSMOS 2251 DEB
1 33762U 93036K   26212.83903677  .00000039  00000+0  23291-4 0  9990
2 33762  74.0395 247.5050 0016433 258.1820 278.0614 14.33725967913599
COSMOS 2251 DEB
1 33764U 93036M   26212.74459530  .00000694  00000+0  22859-3 0  9991
2 33764  74.0314 205.9289 0020500 115.5277  57.1049 14.39925099914814
COSMOS 2251 DEB
1 33765U 93036N   26212.88708686  .00055384  00000+0  20189-2 0  9995
2 33765  73.9987  48.6526 0048827  81.9731 278.7005 15.26766455931276
COSMOS 2251 DEB
1 33766U 93036P   26212.71922084  .00001071  00000+0  37157-3 0  9996
2 33766  74.1851  75.2717 0063512 212.9977 146.7207 14.35603003910592
COSMOS 2251 DEB
1 33768U 93036R   26212.77981528  .00000232  00000+0  22440-3 0  9999
2 33768  74.0669 206.8982 0368025 313.3098 224.1847 13.58631741864338
COSMOS 2251 DEB
1 33779U 93036U   26212.88296027  .00009746  00000+0  14306-2 0  9996
2 33779  74.0427  80.4462 0014939  65.7343 306.7773 14.75543842919323
COSMOS 2251 DEB
1 33819U 93036BL  26212.84253323  .00001615  00000+0  57356-3 0  9999
2 33819  74.1795 151.5287 0089593 307.0131 121.7394 14.32984910908057
COSMOS 2251 DEB
1 33821U 93036BN  26212.82996258  .00035468  00000+0  82738-3 0  9996
2 33821  74.0251   8.0482 0033967 339.1483  20.8337 15.41443345785433
COSMOS 2251 DEB
1 33822U 93036BP  26212.83950683  .00001413  00000+0  67452-3 0  9999
2 33822  74.0680 145.2116 0150604 136.1395 285.4888 14.14291536893200
COSMOS 2251 DEB
1 33823U 93036BQ  26212.77316639  .00000874  00000+0  51271-3 0  9992
2 33823  73.8090 104.2386 0208002 189.3530 230.2543 13.99426612888414
COSMOS 2251 DEB
1 33825U 93036BS  26212.68898549  .00005622  00000+0  83471-3 0  9992
2 33825  73.9836 297.2244 0076657 209.7310 310.1544 14.73265830922776
COSMOS 2251 DEB
1 33826U 93036BT  26212.83837578  .00001200  00000+0  27548-3 0  9996
2 33826  74.0643 334.3342 0083412 322.1361 198.9774 14.54574106911267
COSMOS 2251 DEB
1 33828U 93036BV  26212.88825764  .00000922  00000+0  27087-3 0  9995
2 33828  74.0458 167.9983 0029032 188.7001 237.2120 14.44959223916510
COSMOS 2251 DEB
1 33830U 93036BX  26212.85963992  .00004019  00000+0  53471-3 0  9998
2 33830  74.0317 136.1661 0042377 200.3985 216.6029 14.79430191928874
COSMOS 2251 DEB
1 33832U 93036BZ  26212.87017703  .00004460  00000+0  86438-3 0  9991
2 33832  74.0547 127.8444 0021852 105.7996 333.2022 14.63414009918031
COSMOS 2251 DEB
1 33835U 93036CC  26212.87741941  .00002388  00000+0  44996-3 0  9992
2 33835  74.0565  18.2241 0054807  11.4609 139.8304 14.64167491921704
COSMOS 2251 DEB
1 33836U 93036CD  26212.62905502  .00008175  00000+0  98979-3 0  9991
2 33836  73.9963 161.7429 0024362 306.9775 228.0588 14.83585407675080
COSMOS 2251 DEB
1 33837U 93036CE  26212.75332596  .00000881  00000+0  22769-3 0  9993
2 33837  74.0137 340.4962 0033450 146.5322 213.7962 14.51134753921460
COSMOS 2251 DEB
1 33838U 93036CF  26212.73257036  .00001022  00000+0  27566-3 0  9995
2 33838  74.0358  76.9778 0026386 142.2593 287.6581 14.48966575919145
COSMOS 2251 DEB
1 33839U 93036CG  26212.81045561  .00000863  00000+0  15896-3 0  9998
2 33839  74.0393 122.2311 0083841 176.6673 242.0397 14.64990594929633
COSMOS 2251 DEB
1 33911U 93036DQ  26212.74612007  .00008120  00000+0  10642-2 0  9993
2 33911  74.0881  69.7677 0009974 296.9562 182.7560 14.80445046920575
COSMOS 2251 DEB
1 33912U 93036DR  26212.86230028  .00002048  00000+0  50073-3 0  9992
2 33912  74.0341 113.8226 0010686 144.0891 297.0030 14.53179796917897
COSMOS 2251 DEB
1 33913U 93036DS  26212.87710580  .00001211  00000+0  31998-3 0  9996
2 33913  74.0335 110.2569 0047183 157.1140 281.3378 14.49316554918056
COSMOS 2251 DEB
1 33914U 93036DT  26212.85828557  .00000271  00000+0  23013-3 0  9993
2 33914  74.0912 354.0775 0303646  43.1684 106.2942 13.72260304872519
COSMOS 2251 DEB
1 33915U 93036DU  26212.75064227  .00000715  00000+0  24124-3 0  9996
2 33915  74.0441 330.5043 0106220   5.6346 108.6187 14.35660992910721
COSMOS 2251 DEB
1 33916U 93036DV  26212.86438936  .00000413  00000+0  34823-3 0  9993
2 33916  74.0515  20.7738 0324020 141.3205 336.5869 13.68798882870533
COSMOS 2251 DEB
1 33917U 93036DW  26212.80674125  .00000482  00000+0  38680-3 0  9991
2 33917  74.1047 103.3018 0333642 149.6715 212.4186 13.69930185868975
COSMOS 2251 DEB
1 33920U 93036DZ  26212.46650635  .00004385  00000+0  88457-3 0  9990
2 33920  74.0575 218.7156 0031967 176.0044 184.1385 14.61434117914821
