NOAA 15
1 25338U 98030A   26205.27374367  .00000101  00000+0  58758-4 0  9993
2 25338  98.5065 224.9038 0009206 234.8025 125.2294 14.27156284466589
NOAA 20 (JPSS-1)
1 43013U 17073A   26205.28854733  .00000048  00000+0  43702-4 0  9995
2 43013  98.7773 144.4227 0001680 114.1442 245.9910 14.19517850449738
NOAA 21 (JPSS-2)
1 54234U 22150A   26205.17972849  .00000023  00000+0  31392-4 0  9996
2 54234  98.7060 143.3477 0002934  88.6706 271.4807 14.19542199191793
TERRA
1 25994U 99068A   26205.27222531  .00000356  00000+0  81453-4 0  9998
2 25994  97.9435 253.3440 0003676 104.8827 319.5785 14.61129252415024
AQUA
1 27424U 02022A   26205.28950811  .00000757  00000+0  16037-3 0  9992
2 27424  98.4304 175.3196 0001388 102.2399   2.4836 14.62139263288690
AURA
1 28376U 04026A   26205.30233589  .00000748  00000+0  16109-3 0  9994
2 28376  98.3436 162.0685 0001451  93.8390 266.2977 14.61378510171635
LANDSAT 8
1 39084U 13008A   26205.24385810  .00000291  00000+0  74681-4 0  9993
2 39084  98.2283 274.9353 0001336  91.5487 268.5865 14.57099015703290
LANDSAT 9
1 49260U 21088A   26205.20964778  .00000319  00000+0  80893-4 0  9992
2 49260  98.2262 274.9353 0001084  94.9707 265.1615 14.57100530256391
SENTINEL-1A
1 39634U 14016A   26204.71044689  .00000035  00000+0  17216-4 0  9998
2 39634  98.1701 211.7058 0001397  88.9672 271.1688 14.59174326655345
SENTINEL-2A
1 40697U 15028A   26205.27764888 -.00000064  00000+0 -79460-5 0  9999
2 40697  98.5670 279.6001 0001347  97.2957 262.8380 14.30815901579037
SENTINEL-3A
1 41335U 16011A   26205.31524340  .00000069  00000+0  46650-4 0  9991
2 41335  98.6230 272.1618 0001283  86.8884 273.2443 14.26736261543352
SENTINEL-5P
1 42969U 17064A   26205.27744157  .00000037  00000+0  38662-4 0  9998
2 42969  98.7929 147.1466 0001210  92.3651 267.7663 14.19524514454821
ISS (ZARYA)
1 25544U 98067A   26205.15303990  .00012066  00000+0  22566-3 0  9993
2 25544  51.6315 117.1603 0006931 331.5533  28.5077 15.49135191577483
CSS (TIANHE)
1 48274U 21035A   26204.73936075  .00010396  00000+0  13737-3 0  9992
2 48274  41.4707 100.0405 0002793 309.6650  50.3941 15.58301329298873
HST
1 20580U 90037B   26205.16944587  .00006660  00000+0  20754-3 0  9991
2 20580  28.4719 187.7352 0001885 189.8128 170.2431 15.31135105794249
CYGFM05
1 41884U 16078A   26204.84394744  .00023937  00000+0  30627-3 0  9998
2 41884  34.9578  17.5661 0005331 133.1527 226.9644 15.58196380534475
CYGFM04
1 41885U 16078B   26204.75882749  .00034000  00000+0  35343-3 0  9999
2 41885  34.9334 343.8944 0004509 181.9711 178.0998 15.63529208534729
CYGFM02
1 41886U 16078C   26204.74895777  .00040786  00000+0  36997-3 0  9998
2 41886  34.9412 337.3590 0005223 182.6208 177.4493 15.66900011534906
LEGION 3
1 60452U 24146A   26205.23423790  .00004259  00000+0  23329-3 0  9990
2 60452  44.9997 191.9365 0007176  25.0906 335.0320 15.15699047107649
JASON-3
1 41240U 16002A   26205.28429999 -.00000047  00000+0  61702-4 0  9998
2 41240  66.0416  47.8421 0008118 270.0647  89.9441 12.87629006492029
SENTINEL-6A
1 46984U 20086A   26204.93732250 -.00000052  00000+0  40373-4 0  9990
2 46984  66.0410  58.7221 0007777 269.5572  90.4552 12.80930300265036
SWOT
1 54754U 22173A   26205.28734516  .00000074  00000+0  51734-4 0  9995
2 54754  77.6120 345.2242 0000215  75.1936 284.9240 14.00169712184341
SWARM B
1 39451U 13067A   26205.31642490  .00003978  00000+0  14114-3 0  9993
2 39451  87.7465 331.0393 0002256  93.0506 267.1002 15.28765835688911
SWARM A
1 39452U 13067B   26205.24942157  .00010821  00000+0  19156-3 0  9995
2 39452  87.3302  42.4583 0002858  74.3278 285.8298 15.50133460711995
TIMED
1 26998U 01055B   26205.27338535  .00001218  00000+0  11393-3 0  9997
2 26998  74.0676 160.3424 0002404 290.4199  69.6727 14.95360938336366
CRYOSAT 2
1 36508U 10013A   26205.29840748  .00000075  00000+0  17980-4 0  9994
2 36508  92.0352 286.3234 0002539  98.5595 261.5900 14.51900185863467
RESURS-DK 1
1 29228U 06021A   26205.31589494  .00001851  00000+0  10964-3 0  9997
2 29228  69.9299 243.4302 0007608 261.5867  98.4437 15.13345634108192
IRIDIUM 33
1 24946U 97051C   26205.31512135  .00000237  00000+0  76146-4 0  9992
2 24946  86.3904 334.3727 0007318 188.8428 171.2640 14.35162097510414
IRIDIUM 33 DEB
1 33773U 97051L   26205.27126853  .00000925  00000+0  26647-3 0  9997
2 33773  86.4039 325.8483 0012982 128.0806 232.1568 14.43703662915722
IRIDIUM 33 DEB
1 33775U 97051N   26205.32046126  .00001297  00000+0  38837-3 0  9996
2 33775  86.3650 314.0667 0014801 138.3326 276.0272 14.42109051913626
IRIDIUM 33 DEB
1 33776U 97051P   26205.31616352  .00000727  00000+0  23086-3 0  9997
2 33776  86.4067 346.8486 0014657 175.2291 249.8876 14.38580790912964
IRIDIUM 33 DEB
1 33777U 97051Q   26205.26582634  .00003833  00000+0  84668-3 0  9991
2 33777  86.3787 297.8635 0005838 204.2029 155.8906 14.57086537917873
IRIDIUM 33 DEB
1 33850U 97051T   26205.28720956  .00000855  00000+0  25047-3 0  9993
2 33850  86.3412 294.0217 0013312 143.8915 274.1803 14.42753130913751
IRIDIUM 33 DEB
1 33860U 97051AD  26205.25691450  .00006565  00000+0  10761-2 0  9997
2 33860  86.3813 288.0107 0005529 286.4428 127.9123 14.70601156920043
IRIDIUM 33 DEB
1 33862U 97051AF  26205.28995492  .00004511  00000+0  67295-3 0  9999
2 33862  86.4087 298.5566 0047567  15.7531  41.3710 14.73845851921126
IRIDIUM 33 DEB
1 33866U 97051AK  26204.88622640  .00003982  00000+0  15354-2 0  9999
2 33866  86.3028 358.5231 0113956 163.4767 357.2459 14.26523420899900
IRIDIUM 33 DEB
1 33953U 97051BN  26205.33274834  .00003552  00000+0  77833-3 0  9999
2 33953  86.3868 316.5855 0018114  71.2925 343.1583 14.57337009915582
IRIDIUM 33 DEB
1 33960U 97051BV  26204.37512737  .00014292  00000+0  13062-2 0  9993
2 33960  86.2566 183.6147 0004416  71.0845  86.4507 14.94925103921848
IRIDIUM 33 DEB
1 34071U 97051CE  26205.24436332  .00001601  00000+0  40417-3 0  9995
2 34071  86.3432 280.5972 0009870  87.4057 272.8278 14.50479189915730
IRIDIUM 33 DEB
1 34077U 97051CL  26205.31777015  .00008887  00000+0  15303-2 0  9993
2 34077  86.3859 312.7087 0007339 351.1157  62.4463 14.68454183916101
IRIDIUM 33 DEB
1 34079U 97051CN  26205.11740101  .00017994  00000+0  18396-2 0  9993
2 34079  86.3719 266.3991 0003848 247.2095 138.6793 14.90466908922981
IRIDIUM 33 DEB
1 34088U 97051CX  26205.29085051  .00049468  00000+0  33345-2 0  9990
2 34088  86.3748 286.6675 0005792 127.4396 300.8113 15.06433270920914
IRIDIUM 33 DEB
1 34521U 97051HN  26205.22531336  .00005697  00000+0  10335-2 0  9997
2 34521  86.3783 291.9169 0003125 178.9397 181.1824 14.66109088917447
COSMOS 2251 DEB
1 33757U 93036E   26205.27793000  .00000045  00000+0  26180-4 0  9998
2 33757  74.0366 275.5188 0015725 241.2575 183.0723 14.32630779911978
COSMOS 2251 DEB
1 33758U 93036F   26205.27482734  .00002634  00000+0  64399-3 0  9997
2 33758  74.0271 153.4310 0016414 175.3526 255.7889 14.52990135915504
COSMOS 2251 DEB
1 33760U 93036H   26205.16023421  .00000158  00000+0  63624-4 0  9992
2 33760  74.0296 231.3722 0021725 278.7915 144.7817 14.35795537913313
COSMOS 2251 DEB
1 33761U 93036J   26205.04031272  .00000982  00000+0  29951-3 0  9992
2 33761  74.0341 197.6372 0024037 230.1477 186.8321 14.43106536914552
COSMOS 2251 DEB
1 33762U 93036K   26205.28235990  .00000041  00000+0  24074-4 0  9990
2 33762  74.0403 261.3218 0016429 272.7752 156.0046 14.33724815912516
COSMOS 2251 DEB
1 33764U 93036M   26205.27967178  .00000666  00000+0  21963-3 0  9997
2 33764  74.0312 219.7230 0020661 131.8312 240.4095 14.39914696913740
COSMOS 2251 DEB
1 33765U 93036N   26205.02152068  .00047618  00000+0  17815-2 0  9993
2 33765  74.0002  65.3385 0051107 101.1864 259.5088 15.25843633930070
COSMOS 2251 DEB
1 33766U 93036P   26205.12343133  .00001019  00000+0  35417-3 0  9994
2 33766  74.1857  89.0809 0063763 228.9322 130.6313 14.35587520909506
COSMOS 2251 DEB
1 33768U 93036R   26205.32788750  .00000217  00000+0  21094-3 0  9991
2 33768  74.0663 218.9302 0367964 326.9691 136.3272 13.58627697863321
COSMOS 2251 DEB
1 33779U 93036U   26205.11360047  .00016982  00000+0  24969-2 0  9994
2 33779  74.0437  95.6340 0014664  82.3179  79.3245 14.75365499918173
COSMOS 2251 DEB
1 33819U 93036BL  26205.31858755  .00001847  00000+0  65457-3 0  9991
2 33819  74.1786 165.1539 0089657 322.5433 188.1728 14.32958231906970
COSMOS 2251 DEB
1 33821U 93036BN  26204.19607510  .00039798  00000+0  94962-3 0  9999
2 33821  74.0246  26.7539 0033014   1.1956 358.9324 15.40777467784109
COSMOS 2251 DEB
1 33822U 93036BP  26204.83977844  .00001490  00000+0  71087-3 0  9992
2 33822  74.0677 159.3613 0150602 152.4531 235.4048 14.14265738892077
COSMOS 2251 DEB
1 33823U 93036BQ  26205.21448765  .00000796  00000+0  46821-3 0  9997
2 33823  73.8098 117.4960 0208225 203.9919 310.2166 13.99414642887359
COSMOS 2251 DEB
1 33825U 93036BS  26205.33707919  .00006254  00000+0  92937-3 0  9995
2 33825  73.9837 311.5986 0076920 225.5503 198.9081 14.73181499921699
COSMOS 2251 DEB
1 33826U 93036BT  26204.35209669  .00000994  00000+0  22955-3 0  9994
2 33826  74.0640 350.3620 0083087 340.5664  40.9739 14.54553263910031
COSMOS 2251 DEB
1 33828U 93036BV  26205.28179337  .00001012  00000+0  29654-3 0  9992
2 33828  74.0451 182.1563 0029349 204.8303 269.6343 14.44944620915411
COSMOS 2251 DEB
1 33830U 93036BX  26205.29776840  .00005166  00000+0  68684-3 0  9998
2 33830  74.0308 151.0503 0042686 217.2785 263.3130 14.79365831927759
COSMOS 2251 DEB
1 33832U 93036BZ  26205.29610456  .00005730  00000+0  11106-2 0  9993
2 33832  74.0542 142.3577 0021788 122.8630  31.1942 14.63341812916920
COSMOS 2251 DEB
1 33835U 93036CC  26204.95338942  .00002957  00000+0  55628-3 0  9991
2 33835  74.0563  33.4284 0054598  28.9433 132.6103 14.64123797920543
COSMOS 2251 DEB
1 33836U 93036CD  26205.32649690  .00009963  00000+0  12085-2 0  9992
2 33836  73.9949 176.2416 0024443 322.8897 107.8413 14.83460040674000
COSMOS 2251 DEB
1 33837U 93036CE  26205.10096813  .00000874  00000+0  22579-3 0  9994
2 33837  74.0129 354.9124 0033807 162.9573 197.2732 14.51121003920359
COSMOS 2251 DEB
1 33838U 93036CF  26205.15524219  .00000966  00000+0  26101-3 0  9993
2 33838  74.0365  91.1826 0026580 158.7760   1.9852 14.48951271918043
COSMOS 2251 DEB
1 33839U 93036CG  26205.24797742  .00000814  00000+0  15036-3 0  9994
2 33839  74.0395 136.7743 0084185 193.1640 317.9530 14.64978086928524
COSMOS 2251 DEB
1 33911U 93036DQ  26205.11559404  .00010977  00000+0  14410-2 0  9997
2 33911  74.0892  84.7587 0010000 313.3250 197.6273 14.80313765919446
COSMOS 2251 DEB
1 33912U 93036DR  26205.23400928  .00002215  00000+0  54133-3 0  9990
2 33912  74.0337 128.2209 0010862 161.6555 349.2032 14.53146678916783
COSMOS 2251 DEB
1 33913U 93036DS  26205.22923284  .00001315  00000+0  34686-3 0  9996
2 33913  74.0340 124.6036 0047410 173.6152 338.2712 14.49297676916942
COSMOS 2251 DEB
1 33914U 93036DT  26204.45102176  .00000313  00000+0  26314-3 0  9996
2 33914  74.0902   7.9400 0303587  59.0295 333.2904 13.72253936871360
COSMOS 2251 DEB
1 33915U 93036DU  26205.08666959  .00000735  00000+0  24779-3 0  9992
2 33915  74.0437 344.5626 0105999  21.6925  98.3356 14.35649392909622
COSMOS 2251 DEB
1 33916U 93036DV  26204.97965995  .00000422  00000+0  35596-3 0  9994
2 33916  74.0508  33.7331 0324132 156.0192   3.3021 13.68791285869458
COSMOS 2251 DEB
1 33917U 93036DW  26205.13899752  .00000300  00000+0  24667-3 0  9993
2 33917  74.1055 115.8876 0333903 164.0844 197.1083 13.69923414867924
COSMOS 2251 DEB
1 33920U 93036DZ  26204.52559677  .00004508  00000+0  91081-3 0  9996
2 33920  74.0582 233.8814 0032188 192.9948 167.0393 14.61356656913665
