NOAA 15
1 25338U 98030A   26215.57982435  .00000097  00000+0  57096-4 0  9996
2 25338  98.5065 234.9311 0009732 202.2466 157.8294 14.27159543468052
NOAA 20 (JPSS-1)
1 43013U 17073A   26215.57950849  .00000067  00000+0  52677-4 0  9995
2 43013  98.7776 154.6231 0001917 101.7488 258.3903 14.19519693451194
NOAA 21 (JPSS-2)
1 54234U 22150A   26215.54100864  .00000025  00000+0  32688-4 0  9999
2 54234  98.7062 153.5353 0002877  70.8931 289.2556 14.19543975193265
TERRA
1 25994U 99068A   26215.63111616  .00000310  00000+0  72125-4 0  9996
2 25994  97.9426 263.2890 0003685  84.9728  75.5067 14.61137579416531
AQUA
1 27424U 02022A   26215.61326987  .00000672  00000+0  14343-3 0  9995
2 27424  98.4317 185.8536 0001601  98.3518 315.7747 14.62155161290200
AURA
1 28376U 04026A   26215.57263786  .00000676  00000+0  14649-3 0  9993
2 28376  98.3447 172.4278 0001590  91.1228 269.0155 14.61394261173132
LANDSAT 8
1 39084U 13008A   26215.61302066  .00000276  00000+0  71388-4 0  9991
2 39084  98.2274 285.1780 0001289  92.6035 267.5311 14.57105989704807
LANDSAT 9
1 49260U 21088A   26215.44146025  .00000251  00000+0  65762-4 0  9999
2 49260  98.2254 285.0402 0001126 102.2863 257.8462 14.57107395257882
SENTINEL-1A
1 39634U 14016A   26215.61315966  .00000150  00000+0  41406-4 0  9994
2 39634  98.1614 222.4290 0001381  82.5557 277.5800 14.59278855656934
SENTINEL-2A
1 40697U 15028A   26215.62729735  .00000202  00000+0  93515-4 0  9999
2 40697  98.5662 289.8006 0001346  91.2736 268.8601 14.30819737580512
SENTINEL-3A
1 41335U 16011A   26215.62432921  .00000082  00000+0  52104-4 0  9995
2 41335  98.6221 282.3196 0001166  86.3855 273.7459 14.26739065544829
SENTINEL-5P
1 42969U 17064A   26215.42738034  .00000041  00000+0  40695-4 0  9997
2 42969  98.7934 157.2255 0001261  89.7705 270.3616 14.19526156456263
ISS (ZARYA)
1 25544U 98067A   26215.08686962  .00007017  00000+0  13388-3 0  9991
2 25544  51.6312  67.9946 0007188   6.7282 353.3801 15.49322110579024
CSS (TIANHE)
1 48274U 21035A   26215.56874322  .00020956  00000+0  26767-3 0  9991
2 48274  41.4691  34.3568 0001022 281.3008  78.7715 15.58755080300561
HST
1 20580U 90037B   26215.07632950  .00006338  00000+0  19645-3 0  9999
2 20580  28.4731 119.9792 0001799 314.8840  45.1610 15.31251640795763
CYGFM05
1 41884U 16078A   26215.60528585  .00026381  00000+0  33011-3 0  9992
2 41884  34.9571 306.1132 0006218 237.8243 122.1880 15.58763100536156
CYGFM04
1 41885U 16078B   26215.54664724  .00034439  00000+0  34780-3 0  9999
2 41885  34.9314 271.6590 0005011 276.2559  83.7597 15.64253866536419
CYGFM02
1 41886U 16078C   26215.57671435  .00041091  00000+0  35975-3 0  9999
2 41886  34.9394 264.4896 0005553 278.8936  81.1163 15.67766248536603
LEGION 3
1 60452U 24146A   26215.51553695  .00004344  00000+0  23712-3 0  9991
2 60452  45.0007 136.8212 0006517  92.2725 267.8900 15.15783348109203
JASON-3
1 41240U 16002A   26215.61438033 -.00000044  00000+0  70984-4 0  9994
2 41240  66.0422  26.1224 0008109 268.9201  91.0889 12.87629420493356
SENTINEL-6A
1 46984U 20086A   26215.24334244 -.00000069  00000+0 -32850-4 0  9997
2 46984  66.0415  37.3146 0007761 269.3487  90.6639 12.80930445266350
SWOT
1 54754U 22173A   26215.57677046  .00000109  00000+0  75779-4 0  9996
2 54754  77.6128 331.3358 0000110  73.2936 286.8228 14.00170742185787
SWARM B
1 39451U 13067A   26215.59306075  .00003479  00000+0  12301-3 0  9992
2 39451  87.7476 327.9209 0002368 100.1248 260.0268 15.28837999690482
SWARM A
1 39452U 13067B   26215.57850077  .00009951  00000+0  17645-3 0  9994
2 39452  87.3301  38.6206 0003009  85.0645 275.0959 15.50076689713591
TIMED
1 26998U 01055B   26215.24169270  .00001117  00000+0  10473-3 0  9999
2 26998  74.0682 140.2704 0002478 279.6183  80.4721 14.95385609337856
CRYOSAT 2
1 36508U 10013A   26215.56750194  .00000162  00000+0  39474-4 0  9999
2 36508  92.0342 288.8187 0002710  95.7700 264.3816 14.51902577864957
RESURS-DK 1
1 29228U 06021A   26215.42870167  .00001892  00000+0  11182-3 0  9998
2 29228  69.9305 217.2456 0007585 253.0507 106.9828 15.13386245109722
IRIDIUM 33
1 24946U 97051C   26215.35517824  .00000213  00000+0  67477-4 0  9998
2 24946  86.3913 330.1616 0008564 157.6015 202.5557 14.35165992511856
IRIDIUM 33 DEB
1 33773U 97051L   26215.52916718  .00000755  00000+0  21619-3 0  9998
2 33773  86.4044 321.5023 0013400  99.5745 260.6971 14.43720190917205
IRIDIUM 33 DEB
1 33775U 97051N   26215.51199617  .00001067  00000+0  31823-3 0  9995
2 33775  86.3650 309.7134 0015269 109.8950 261.5260 14.42132386915097
IRIDIUM 33 DEB
1 33776U 97051P   26215.40051263  .00000667  00000+0  21139-3 0  9992
2 33776  86.4079 342.6146 0015812 144.2023 273.7632 14.38594623914415
IRIDIUM 33 DEB
1 33777U 97051Q   26215.29208020  .00002755  00000+0  60639-3 0  9993
2 33777  86.3777 293.4936 0007098 170.2528 189.8820 14.57148736919339
IRIDIUM 33 DEB
1 33850U 97051T   26215.55360137  .00000889  00000+0  26058-3 0  9995
2 33850  86.3404 289.6034 0014021 114.5722 312.6155 14.42771537915232
IRIDIUM 33 DEB
1 33860U 97051AD  26215.45518413  .00004506  00000+0  73579-3 0  9997
2 33860  86.3799 283.4719 0006313 237.2999 135.0234 14.70703117921542
IRIDIUM 33 DEB
1 33862U 97051AF  26215.46539167  .00002617  00000+0  38883-3 0  9999
2 33862  86.4080 294.0394 0046003 339.5858  32.6431 14.73908292922620
IRIDIUM 33 DEB
1 33866U 97051AK  26215.38204687  .00003732  00000+0  14345-2 0  9995
2 33866  86.3043 354.0756 0114793 130.2709 259.4380 14.26608675901409
IRIDIUM 33 DEB
1 33953U 97051BN  26215.28853084  .00002481  00000+0  54174-3 0  9997
2 33953  86.3869 312.2539 0017101  40.6661  13.2729 14.57394025917037
IRIDIUM 33 DEB
1 33960U 97051BV  26215.41262405  .00014964  00000+0  13566-2 0  9999
2 33960  86.2582 178.3371 0003684  67.1212  58.1457 14.95244730923490
IRIDIUM 33 DEB
1 34071U 97051CE  26215.59229269  .00001401  00000+0  35286-3 0  9999
2 34071  86.3423 276.0909 0009227  60.3726 299.8396 14.50510122917239
IRIDIUM 33 DEB
1 34077U 97051CL  26215.33767708  .00006094  00000+0  10454-2 0  9994
2 34077  86.3859 308.2704 0006501 305.6881 125.3680 14.68586926917578
IRIDIUM 33 DEB
1 34079U 97051CN  26215.12586052  .00011072  00000+0  11251-2 0  9992
2 34079  86.3702 261.7914 0005422 203.4412 213.3154 14.90702469924477
IRIDIUM 33 DEB
1 34088U 97051CX  26215.44145977  .00036326  00000+0  24074-2 0  9990
2 34088  86.3714 281.8778 0005098  93.6003 278.7510 15.07125178922446
IRIDIUM 33 DEB
1 34521U 97051HN  26215.18982730  .00003883  00000+0  70187-3 0  9998
2 34521  86.3768 287.5103 0004324 154.6657 205.4769 14.66196233918909
COSMOS 2251 DEB
1 33757U 93036E   26215.54162135  .00000035  00000+0  22531-4 0  9993
2 33757  74.0350 256.7804 0015487 221.3311 196.4969 14.32632330913448
COSMOS 2251 DEB
1 33758U 93036F   26215.47437880  .00002240  00000+0  54820-3 0  9993
2 33758  74.0279 134.1767 0016193 152.1953 329.5602 14.53041117916989
COSMOS 2251 DEB
1 33760U 93036H   26215.41944792  .00000139  00000+0  57048-4 0  9996
2 33760  74.0296 212.5388 0021739 258.5562 252.2604 14.35799389914781
COSMOS 2251 DEB
1 33761U 93036J   26215.31824334  .00000855  00000+0  26184-3 0  9996
2 33761  74.0352 178.5507 0023683 209.0292 302.4535 14.43126616916037
COSMOS 2251 DEB
1 33762U 93036K   26215.48000622  .00000028  00000+0  19513-4 0  9992
2 33762  74.0392 242.6759 0016411 253.0839 228.8255 14.33726307913973
COSMOS 2251 DEB
1 33764U 93036M   26215.65305646  .00000631  00000+0  20847-3 0  9998
2 33764  74.0317 200.5547 0020472 109.0789  14.1654 14.39928627915231
COSMOS 2251 DEB
1 33765U 93036N   26215.24583287  .00061839  00000+0  22362-2 0  9993
2 33765  73.9991  43.6440 0048059  75.8248 284.8286 15.27033495931634
COSMOS 2251 DEB
1 33766U 93036P   26215.01884830  .00000962  00000+0  33464-3 0  9993
2 33766  74.1850  71.0909 0063443 208.1588 151.6131 14.35607185910929
COSMOS 2251 DEB
1 33768U 93036R   26215.42600788  .00000189  00000+0  18712-3 0  9998
2 33768  74.0672 202.6257 0368021 308.4609 206.9063 13.58632876864697
COSMOS 2251 DEB
1 33779U 93036U   26215.07893711  .00010524  00000+0  15428-2 0  9995
2 33779  74.0427  76.1524 0014979  60.8286  91.8986 14.75584063919643
COSMOS 2251 DEB
1 33819U 93036BL  26215.50566265  .00001501  00000+0  53343-3 0  9993
2 33819  74.1795 146.7060 0089567 301.5070 180.1278 14.32993327908438
COSMOS 2251 DEB
1 33821U 93036BN  26215.42592527  .00040471  00000+0  93727-3 0  9996
2 33821  74.0256   2.4214 0034224 332.9137  27.0284 15.41625611785835
COSMOS 2251 DEB
1 33822U 93036BP  26215.26248302  .00001314  00000+0  62759-3 0  9992
2 33822  74.0680 140.9259 0150623 131.1987  22.0455 14.14298091893548
COSMOS 2251 DEB
1 33823U 93036BQ  26215.15122380  .00000846  00000+0  49692-3 0  9998
2 33823  73.8090 100.0676 0207930 184.7492 330.7930 13.99430512888741
COSMOS 2251 DEB
1 33825U 93036BS  26215.59160017  .00005704  00000+0  84628-3 0  9993
2 33825  73.9826 291.5484 0076507 203.4525 224.9641 14.73295963923200
COSMOS 2251 DEB
1 33826U 93036BT  26215.43347311  .00001398  00000+0  31951-3 0  9997
2 33826  74.0644 329.4329 0083564 316.5078 108.2219 14.54582653911644
COSMOS 2251 DEB
1 33828U 93036BV  26215.60924392  .00000934  00000+0  27423-3 0  9992
2 33828  74.0461 162.9337 0028927 182.8739 351.4926 14.44964624916904
COSMOS 2251 DEB
1 33830U 93036BX  26215.51889248  .00004125  00000+0  54853-3 0  9998
2 33830  74.0311 130.9312 0042273 194.4672 339.7381 14.79450073929267
COSMOS 2251 DEB
1 33832U 93036BZ  26215.20841897  .00004092  00000+0  79340-3 0  9995
2 33832  74.0543 123.3634 0021892 100.5653  51.9652 14.63432874918376
COSMOS 2251 DEB
1 33835U 93036CC  26215.52567809  .00002319  00000+0  43692-3 0  9992
2 33835  74.0571  13.1429 0054897   5.6616  58.8920 14.64179344922092
COSMOS 2251 DEB
1 33836U 93036CD  26215.59604948  .00008311  00000+0  10051-2 0  9996
2 33836  73.9962 155.8515 0024321 300.5194 234.5605 14.83630552675522
COSMOS 2251 DEB
1 33837U 93036CE  26215.37303493  .00000772  00000+0  20029-3 0  9994
2 33837  74.0139 335.5611 0033339 140.8440 219.5142 14.51138788921840
COSMOS 2251 DEB
1 33838U 93036CF  26215.02651650  .00000911  00000+0  24662-3 0  9990
2 33838  74.0358  72.6773 0026324 137.2399  13.6898 14.48970681919470
COSMOS 2251 DEB
1 33839U 93036CG  26215.49572227  .00000788  00000+0  14571-3 0  9994
2 33839  74.0392 117.0670 0083713 170.8005   4.0789 14.64994711930026
COSMOS 2251 DEB
1 33911U 93036DQ  26215.56743174  .00008686  00000+0  11368-2 0  9999
2 33911  74.0884  64.2235 0009992 290.9827  99.0865 14.80489017920996
COSMOS 2251 DEB
1 33912U 93036DR  26215.14739567  .00001999  00000+0  48870-3 0  9994
2 33912  74.0338 109.5090 0010649 138.7725  11.8295 14.53188936918228
COSMOS 2251 DEB
1 33913U 93036DS  26215.16427418  .00001120  00000+0  29648-3 0  9994
2 33913  74.0334 105.9662 0047116 152.1739 334.8360 14.49321899918384
COSMOS 2251 DEB
1 33914U 93036DT  26215.46493667  .00000239  00000+0  20480-3 0  9992
2 33914  74.0914 349.7794 0303687  38.2529  23.5263 13.72261606872873
COSMOS 2251 DEB
1 33915U 93036DU  26215.58805812  .00000620  00000+0  21028-3 0  9998
2 33915  74.0442 325.2996 0106317 359.7115  13.5013 14.35664479911136
COSMOS 2251 DEB
1 33916U 93036DV  26215.40442681  .00000365  00000+0  30970-3 0  9993
2 33916  74.0518  16.5990 0323958 136.5819 253.0804 13.68800909870889
COSMOS 2251 DEB
1 33917U 93036DW  26215.07053790  .00000511  00000+0  40875-3 0  9994
2 33917  74.1048  99.5860 0333615 145.4100 216.9226 13.69932808869282
COSMOS 2251 DEB
1 33920U 93036DZ  26215.27310812  .00004617  00000+0  93062-3 0  9998
2 33920  74.0578 213.3548 0031833 169.8548 190.3268 14.61460440915234
