NOAA 15
1 25338U 98030A   26212.91566935  .00000114  00000+0  64138-4 0  9999
2 25338  98.5064 232.3390 0009577 210.4506 149.6120 14.27158737467671
NOAA 20 (JPSS-1)
1 43013U 17073A   26212.90104038  .00000030  00000+0  35134-4 0  9999
2 43013  98.7775 151.9681 0001847 105.1970 254.9410 14.19519129450815
NOAA 21 (JPSS-2)
1 54234U 22150A   26212.86258385  .00000053  00000+0  45568-4 0  9995
2 54234  98.7062 150.9017 0002907  75.1290 285.0208 14.19543574192883
TERRA
1 25994U 99068A   26212.88141943  .00000343  00000+0  78804-4 0  9992
2 25994  97.9429 260.6493 0003689  90.3630  15.1081 14.61135449416137
AQUA
1 27424U 02022A   26212.94690310  .00000689  00000+0  14688-3 0  9992
2 27424  98.4314 183.1328 0001534  99.3324 327.9907 14.62151175289817
AURA
1 28376U 04026A   26212.90236998  .00000695  00000+0  15018-3 0  9994
2 28376  98.3445 169.7343 0001533  92.0692 268.0684 14.61390274172746
LANDSAT 8
1 39084U 13008A   26212.86622752  .00000283  00000+0  72839-4 0  9992
2 39084  98.2278 282.4648 0001280  92.3968 267.7377 14.57104127704400
LANDSAT 9
1 49260U 21088A   26212.76333971  .00000332  00000+0  83671-4 0  9998
2 49260  98.2258 282.3954 0001091 101.8244 258.3077 14.57105924257498
SENTINEL-1A
1 39634U 14016A   26213.00758691 -.00000022  00000+0  48962-5 0  9995
2 39634  98.1609 219.8662 0001390  82.8993 277.2365 14.59277563656554
SENTINEL-2A
1 40697U 15028A   26212.90002762  .00000066  00000+0  41849-4 0  9992
2 40697  98.5671 287.1122 0001338  93.1334 267.0002 14.30818340580120
SENTINEL-3A
1 41335U 16011A   26212.88926763  .00000094  00000+0  56764-4 0  9991
2 41335  98.6224 279.6248 0001181  86.4393 273.6923 14.26738317544435
SENTINEL-5P
1 42969U 17064A   26212.81941114  .00000044  00000+0  41972-4 0  9994
2 42969  98.7933 154.6357 0001237  90.2000 269.9318 14.19525737455899
ISS (ZARYA)
1 25544U 98067A   26212.89378684  .00008757  00000+0  16519-3 0  9997
2 25544  51.6315  78.8506 0007210 358.5886   1.5081 15.49290909578687
CSS (TIANHE)
1 48274U 21035A   26212.87769866  .00018517  00000+0  23800-3 0  9993
2 48274  41.4684  50.6817 0001002 286.4806  73.5922 15.58650391300147
HST
1 20580U 90037B   26212.86038074  .00006111  00000+0  18930-3 0  9995
2 20580  28.4725 135.1345 0001687 289.8191  70.2223 15.31226508795423
CYGFM05
1 41884U 16078A   26212.65910917  .00024755  00000+0  31158-3 0  9991
2 41884  34.9578 325.6812 0006043 211.7286 148.3075 15.58620741535695
CYGFM04
1 41885U 16078B   26212.48314738  .00032068  00000+0  32640-3 0  9995
2 41885  34.9322 292.1810 0005117 251.3189 108.6982 15.64066293535938
CYGFM02
1 41886U 16078C   26212.52005734  .00038293  00000+0  33845-3 0  9998
2 41886  34.9399 285.0708 0005678 253.4211 106.5893 15.67543524536121
LEGION 3
1 60452U 24146A   26212.87936032  .00003811  00000+0  20989-3 0  9998
2 60452  45.0004 150.9539 0006566  74.2539 285.9063 15.15761784108802
JASON-3
1 41240U 16002A   26212.89593838 -.00000047  00000+0  58336-4 0  9996
2 41240  66.0419  31.8381 0008104 269.1433  90.8657 12.87629350493008
SENTINEL-6A
1 46984U 20086A   26212.90106533 -.00000062  00000+0 -58731-5 0  9995
2 46984  66.0413  42.1800 0007759 269.4105  90.6022 12.80930435266056
SWOT
1 54754U 22173A   26212.86150660  .00000070  00000+0  49404-4 0  9996
2 54754  77.6124 335.0010 0000322  61.9911 298.1273 14.00126349185400
SWARM B
1 39451U 13067A   26212.90939959  .00003536  00000+0  12509-3 0  9991
2 39451  87.7479 328.7350 0002294  98.5067 261.6443 15.28820081690079
SWARM A
1 39452U 13067B   26212.93155608  .00008577  00000+0  15224-3 0  9993
2 39452  87.3295  39.6036 0003085  85.9274 274.2339 15.50028686713188
TIMED
1 26998U 01055B   26212.90015904  .00001153  00000+0  10802-3 0  9999
2 26998  74.0681 144.9852 0002475 281.3853  78.7054 14.95380022337506
CRYOSAT 2
1 36508U 10013A   26212.87961992  .00000149  00000+0  36230-4 0  9992
2 36508  92.0346 288.1657 0002666  96.7350 263.4161 14.51901763864564
RESURS-DK 1
1 29228U 06021A   26212.45437564  .00001812  00000+0  10739-3 0  9997
2 29228  69.9302 224.9466 0007678 255.5748 104.4567 15.13373578109270
IRIDIUM 33
1 24946U 97051C   26212.84516655  .00000215  00000+0  68523-4 0  9995
2 24946  86.3912 331.2143 0008255 165.1000 195.0441 14.35165036511494
IRIDIUM 33 DEB
1 33773U 97051L   26212.75677454  .00000882  00000+0  25370-3 0  9990
2 33773  86.4044 322.6768 0013338 107.2107 253.0555 14.43716451916806
IRIDIUM 33 DEB
1 33775U 97051N   26212.33066392  .00001094  00000+0  32622-3 0  9993
2 33775  86.3651 311.0723 0015208 118.6271 306.8936 14.42125217914632
IRIDIUM 33 DEB
1 33776U 97051P   26212.90771397  .00000702  00000+0  22258-3 0  9994
2 33776  86.4077 343.6611 0015557 151.6764 324.4414 14.38591415914059
IRIDIUM 33 DEB
1 33777U 97051Q   26212.75122088  .00003259  00000+0  71832-3 0  9997
2 33777  86.3784 294.6011 0006783 178.2182 181.9052 14.57135241918963
IRIDIUM 33 DEB
1 33850U 97051T   26212.71935007  .00000927  00000+0  27195-3 0  9990
2 33850  86.3408 290.8232 0013902 122.4680 353.0769 14.42766341914829
IRIDIUM 33 DEB
1 33860U 97051AD  26212.19242057  .00004529  00000+0  74016-3 0  9995
2 33860  86.3808 284.9243 0005933 251.9811 136.9950 14.70673351921062
IRIDIUM 33 DEB
1 33862U 97051AF  26212.77117347  .00003250  00000+0  48376-3 0  9994
2 33862  86.4086 295.2357 0046388 349.2964 136.6600 14.73895272922222
IRIDIUM 33 DEB
1 33866U 97051AK  26212.88098972  .00003952  00000+0  15203-2 0  9993
2 33866  86.3041 355.1350 0114665 138.1672  14.7723 14.26590579901049
IRIDIUM 33 DEB
1 33953U 97051BN  26212.76706880  .00003006  00000+0  65747-3 0  9990
2 33953  86.3874 313.3509 0017401  48.5485 104.8370 14.57382032916668
IRIDIUM 33 DEB
1 33960U 97051BV  26212.92302394  .00014487  00000+0  13156-2 0  9999
2 33960  86.2577 179.5278 0003903  67.0883 346.2100 14.95177471923123
IRIDIUM 33 DEB
1 34071U 97051CE  26212.90185312  .00001457  00000+0  36708-3 0  9992
2 34071  86.3427 277.2627 0009451  67.5905 292.6300 14.50502350916846
IRIDIUM 33 DEB
1 34077U 97051CL  26212.75832325  .00006756  00000+0  11601-2 0  9995
2 34077  86.3866 309.4129 0006628 317.9005 165.3741 14.68556923917198
IRIDIUM 33 DEB
1 34079U 97051CN  26212.50755855  .00011274  00000+0  11473-2 0  9990
2 34079  86.3708 262.9974 0004990 213.8817 201.2816 14.90649071924082
IRIDIUM 33 DEB
1 34088U 97051CX  26212.94821822  .00032545  00000+0  21667-2 0  9996
2 34088  86.3725 283.0554 0005188 101.7040  73.0428 15.06970424922069
IRIDIUM 33 DEB
1 34521U 97051HN  26212.73287879  .00004532  00000+0  82014-3 0  9992
2 34521  86.3776 288.5970 0004052 160.2713 199.8658 14.66178012918543
COSMOS 2251 DEB
1 33757U 93036E   26212.83078910  .00000054  00000+0  29611-4 0  9996
2 33757  74.0355 261.7296 0015562 226.6113 255.7686 14.32631984913052
COSMOS 2251 DEB
1 33758U 93036F   26212.91794902  .00002464  00000+0  60244-3 0  9995
2 33758  74.0282 139.0028 0016234 158.0434 276.6735 14.53029647916615
COSMOS 2251 DEB
1 33760U 93036H   26212.48750968  .00000142  00000+0  57977-4 0  9995
2 33760  74.0296 217.9211 0021751 264.3582 217.7228 14.35798336914369
COSMOS 2251 DEB
1 33761U 93036J   26212.94410072  .00000946  00000+0  28886-3 0  9994
2 33761  74.0351 182.9596 0023769 213.9344 208.2799 14.43122489915690
COSMOS 2251 DEB
1 33762U 93036K   26212.83903678  .00000039  00000+0  23291-4 0  9991
2 33762  74.0395 247.5050 0016432 258.1820 278.0614 14.33725967913598
COSMOS 2251 DEB
1 33764U 93036M   26212.92216801  .00000631  00000+0  20846-3 0  9998
2 33764  74.0314 205.6008 0020510 115.1292 257.6215 14.39925057914843
COSMOS 2251 DEB
1 33765U 93036N   26212.88708687  .00055384  00000+0  20189-2 0  9996
2 33765  73.9987  48.6526 0048827  81.9731 278.7006 15.26766455931277
COSMOS 2251 DEB
1 33766U 93036P   26212.92827806  .00000983  00000+0  34197-3 0  9997
2 33766  74.1851  74.8917 0063505 212.5609 147.1622 14.35603002910628
COSMOS 2251 DEB
1 33768U 93036R   26212.77981528  .00000232  00000+0  22440-3 0  9999
2 33768  74.0669 206.8982 0368024 313.3098 224.1847 13.58631741864337
COSMOS 2251 DEB
1 33779U 93036U   26212.88296027  .00009746  00000+0  14306-2 0  9996
2 33779  74.0427  80.4462 0014938  65.7343 306.7773 14.75543842919322
COSMOS 2251 DEB
1 33819U 93036BL  26212.91162154  .00001609  00000+0  57145-3 0  9997
2 33819  74.1795 151.4036 0089591 306.8695 118.1478 14.32985128908064
COSMOS 2251 DEB
1 33821U 93036BN  26212.89486518  .00035757  00000+0  83393-3 0  9995
2 33821  74.0251   7.9075 0033977 338.9740  21.0069 15.41448419785446
COSMOS 2251 DEB
1 33822U 93036BP  26212.83950683  .00001413  00000+0  67452-3 0  9999
2 33822  74.0680 145.2116 0150603 136.1395 285.4888 14.14291536893209
COSMOS 2251 DEB
1 33823U 93036BQ  26212.77316640  .00000874  00000+0  51271-3 0  9994
2 33823  73.8090 104.2386 0208002 189.3530 230.2543 13.99426612888414
COSMOS 2251 DEB
1 33825U 93036BS  26212.95229463  .00005432  00000+0  80661-3 0  9992
2 33825  73.9835 296.7096 0076650 209.1633 266.6725 14.73268287922819
COSMOS 2251 DEB
1 33826U 93036BT  26212.83837578  .00001200  00000+0  27548-3 0  9996
2 33826  74.0643 334.3342 0083411 322.1361 198.9774 14.54574106911266
COSMOS 2251 DEB
1 33828U 93036BV  26212.95753958  .00000920  00000+0  27014-3 0  9996
2 33828  74.0458 167.8693 0029030 188.5535 237.6070 14.44959355916520
COSMOS 2251 DEB
1 33830U 93036BX  26212.93102024  .00003988  00000+0  53063-3 0  9999
2 33830  74.0317 136.0256 0042376 200.2494 236.7608 14.79430634928885
COSMOS 2251 DEB
1 33832U 93036BZ  26212.87017703  .00004460  00000+0  86438-3 0  9991
2 33832  74.0547 127.8444 0021851 105.7996 333.2022 14.63414009918030
COSMOS 2251 DEB
1 33835U 93036CC  26212.94694189  .00002377  00000+0  44797-3 0  9998
2 33835  74.0566  18.0907 0054809  11.3068 146.2864 14.64167827921719
COSMOS 2251 DEB
1 33836U 93036CD  26212.94498177  .00008284  00000+0  10028-2 0  9990
2 33836  73.9963 161.1156 0024363 306.2620 115.4071 14.83590922675134
COSMOS 2251 DEB
1 33837U 93036CE  26212.75332597  .00000881  00000+0  22769-3 0  9994
2 33837  74.0137 340.4962 0033450 146.5322 213.7962 14.51134753921460
COSMOS 2251 DEB
1 33838U 93036CF  26212.73257037  .00001022  00000+0  27566-3 0  9996
2 33838  74.0358  76.9778 0026386 142.2593 287.6581 14.48966575919145
COSMOS 2251 DEB
1 33839U 93036CG  26212.81045562  .00000863  00000+0  15896-3 0  9999
2 33839  74.0393 122.2311 0083841 176.6673 242.0397 14.64990594929633
COSMOS 2251 DEB
1 33911U 93036DQ  26212.74612008  .00008120  00000+0  10642-2 0  9994
2 33911  74.0881  69.7677 0009974 296.9562 182.7560 14.80445046920575
COSMOS 2251 DEB
1 33912U 93036DR  26212.86230028  .00002048  00000+0  50073-3 0  9992
2 33912  74.0341 113.8226 0010686 144.0891 297.0030 14.53179796917897
COSMOS 2251 DEB
1 33913U 93036DS  26212.87710580  .00001211  00000+0  31998-3 0  9996
2 33913  74.0335 110.2569 0047182 157.1140 281.3378 14.49316554918055
COSMOS 2251 DEB
1 33914U 93036DT  26212.85828557  .00000271  00000+0  23013-3 0  9993
2 33914  74.0912 354.0775 0303645  43.1684 106.2942 13.72260305872519
COSMOS 2251 DEB
1 33915U 93036DU  26212.75064228  .00000715  00000+0  24124-3 0  9997
2 33915  74.0441 330.5043 0106219   5.6346 108.6187 14.35660992910729
COSMOS 2251 DEB
1 33916U 93036DV  26212.93961839  .00000411  00000+0  34680-3 0  9993
2 33916  74.0515  20.6501 0324016 141.1801 347.2913 13.68798949870549
COSMOS 2251 DEB
1 33917U 93036DW  26212.95279276  .00000453  00000+0  36427-3 0  9990
2 33917  74.1047 103.0621 0333641 149.3980 212.7080 13.69930191868997
COSMOS 2251 DEB
1 33920U 93036DZ  26212.46650635  .00004385  00000+0  88457-3 0  9990
2 33920  74.0575 218.7156 0031967 176.0044 184.1385 14.61434117914821
