NOAA 15
1 25338U 98030A   26199.31443733  .00000034  00000+0  31508-4 0  9993
2 25338  98.5064 219.1055 0009035 254.4222 105.5962 14.27154920465734
NOAA 20 (JPSS-1)
1 43013U 17073A   26199.29722826  .00000021  00000+0  30686-4 0  9993
2 43013  98.7772 138.4844 0001504 121.0882 239.0442 14.19516792448888
NOAA 21 (JPSS-2)
1 54234U 22150A   26199.25899068 -.00000004  00000+0  18640-4 0  9999
2 54234  98.7059 137.5264 0002883  99.2826 260.8677 14.19541313190955
TERRA
1 25994U 99068A   26199.24779235  .00000164  00000+0  42418-4 0  9990
2 25994  97.9439 247.5598 0003524 116.8300 317.7210 14.61125040414144
AQUA
1 27424U 02022A   26199.26849806  .00000332  00000+0  75901-4 0  9998
2 27424  98.4299 169.1768 0001244 101.4413   9.3055 14.62130949287812
AURA
1 28376U 04026A   26199.20857022  .00000337  00000+0  78018-4 0  9991
2 28376  98.3432 155.9225 0001365  93.7858 266.3498 14.61370175170743
LANDSAT 8
1 39084U 13008A   26199.26955005  .00000097  00000+0  31654-4 0  9993
2 39084  98.2288 269.0334 0001361  91.3602 268.7752 14.57095317702426
LANDSAT 9
1 49260U 21088A   26199.16667479  .00000157  00000+0  44927-4 0  9995
2 49260  98.2268 268.9668 0001101  90.4486 269.6838 14.57096763255515
SENTINEL-1A
1 39634U 14016A   26198.60748559  .00000020  00000+0  14006-4 0  9993
2 39634  98.1738 205.6947 0001510  77.7211 282.4158 14.59175806654458
SENTINEL-2A
1 40697U 15028A   26199.33358472 -.00000029  00000+0  54540-5 0  9998
2 40697  98.5675 273.7415 0001289  95.7172 264.4158 14.30814734578182
SENTINEL-3A
1 41335U 16011A   26199.28408401  .00000039  00000+0  34108-4 0  9990
2 41335  98.6235 266.2187 0001327  89.2817 270.8515 14.26740311542492
SENTINEL-5P
1 42969U 17064A   26198.86323805  .00000009  00000+0  25401-4 0  9993
2 42969  98.7929 140.7776 0001161  94.1328 265.9981 14.19523493453917
ISS (ZARYA)
1 25544U 98067A   26199.08891132  .00003768  00000+0  76429-4 0  9994
2 25544  51.6318 147.1664 0006793 308.8910  51.1472 15.49037991576544
CSS (TIANHE)
1 48274U 21035A   26198.52240887  .00001129  00000+0  18813-4 0  9995
2 48274  41.4691 137.7269 0001921 301.5742  58.4908 15.58143309297902
HST
1 20580U 90037B   26199.30318182  .00003106  00000+0  93086-4 0  9996
2 20580  28.4720 227.8514 0002183 134.1462 225.9314 15.31079190793342
CYGFM05
1 41884U 16078A   26198.94916846  .00015584  00000+0  20178-3 0  9993
2 41884  34.9569  56.6818 0005502  66.5453 293.5850 15.57940504533551
CYGFM04
1 41885U 16078B   26198.88405001  .00021075  00000+0  22258-3 0  9996
2 41885  34.9329  23.1976 0004121 116.7383 243.3765 15.63194228533803
CYGFM02
1 41886U 16078C   26198.88671311  .00025902  00000+0  23946-3 0  9994
2 41886  34.9411  16.7705 0004866 119.2555 240.8659 15.66500155533985
LEGION 3
1 60452U 24146A   26199.17064658  .00001155  00000+0  73355-4 0  9996
2 60452  45.0015 224.4397 0007925 350.2066   9.8657 15.15664771106724
JASON-3
1 41240U 16002A   26199.30372570 -.00000041  00000+0  83908-4 0  9991
2 41240  66.0416  60.4167 0008151 270.6399  89.3686 12.87628786491257
SENTINEL-6A
1 46984U 20086A   26199.00355294 -.00000046  00000+0  64038-4 0  9997
2 46984  66.0412  71.0475 0007774 269.6912  90.3213 12.80930218264279
SWOT
1 54754U 22173A   26199.28519572 -.00000035  00000+0 -22239-4 0  9997
2 54754  77.6113 353.3265 0000238  67.2150 292.9027 14.00172491183500
SWARM B
1 39451U 13067A   26199.29421935  .00001904  00000+0  66908-4 0  9997
2 39451  87.7463 332.8674 0002237  85.4387 274.7118 15.28728808687999
SWARM A
1 39452U 13067B   26199.24904568  .00005648  00000+0  94893-4 0  9994
2 39452  87.3297  44.6897 0003335  92.4330 267.7313 15.51494121711061
TIMED
1 26998U 01055B   26199.05147250  .00000543  00000+0  52867-4 0  9999
2 26998  74.0667 172.8706 0002297 297.7441  62.3510 14.95347887335432
CRYOSAT 2
1 36508U 10013A   26199.23343310  .00000093  00000+0  22454-4 0  9995
2 36508  92.0357 284.8492 0002425  98.8572 261.2910 14.51899045862585
RESURS-DK 1
1 29228U 06021A   26199.16876675  .00000899  00000+0  56431-4 0  9993
2 29228  69.9304 259.3467 0007273 267.7234  92.3099 15.13325039107262
IRIDIUM 33
1 24946U 97051C   26199.31896378  .00000127  00000+0  37598-4 0  9994
2 24946  86.3898 336.8882 0006586 210.4046 149.6769 14.35159832509556
IRIDIUM 33 DEB
1 33773U 97051L   26199.31053759  .00000414  00000+0  11581-3 0  9992
2 33773  86.4036 328.3741 0012490 145.0559 215.1464 14.43694286914863
IRIDIUM 33 DEB
1 33775U 97051N   26199.27863844  .00000663  00000+0  19557-3 0  9990
2 33775  86.3650 316.6474 0014226 155.7551 232.0516 14.42095759912759
IRIDIUM 33 DEB
1 33776U 97051P   26198.92700047  .00000364  00000+0  11230-3 0  9995
2 33776  86.4061 349.5319 0013814 196.3131 281.1259 14.38573284912047
IRIDIUM 33 DEB
1 33777U 97051Q   26199.22238896  .00001763  00000+0  38722-3 0  9997
2 33777  86.3791 300.4977 0005150 229.4800 130.5960 14.57051465916995
IRIDIUM 33 DEB
1 33850U 97051T   26199.24748074  .00000518  00000+0  14957-3 0  9996
2 33850  86.3416 296.6207 0012651 161.7866 226.5498 14.42744499912883
IRIDIUM 33 DEB
1 33860U 97051AD  26199.02021328  .00002753  00000+0  44984-3 0  9995
2 33860  86.3814 290.7861 0005757 317.8063 220.7800 14.70543950919126
IRIDIUM 33 DEB
1 33862U 97051AF  26199.24190086  .00002056  00000+0  30470-3 0  9990
2 33862  86.4092 301.2417 0048555  36.5843 352.0539 14.73805971920235
IRIDIUM 33 DEB
1 33866U 97051AK  26198.98689322  .00001998  00000+0  76804-3 0  9995
2 33866  86.3021   1.0233 0113184 182.3679 301.8629 14.26487391899067
IRIDIUM 33 DEB
1 33953U 97051BN  26199.28528446  .00001462  00000+0  31762-3 0  9995
2 33953  86.3868 319.2167 0018424  89.0835 298.7689 14.57304506914700
IRIDIUM 33 DEB
1 33960U 97051BV  26199.00146846  .00006409  00000+0  58646-3 0  9999
2 33960  86.2571 186.1835 0004559  77.0934 341.3931 14.94817839921041
IRIDIUM 33 DEB
1 34071U 97051CE  26199.17347008  .00000853  00000+0  21293-3 0  9999
2 34071  86.3438 283.2406 0009936 102.9526 257.2789 14.50462651914857
IRIDIUM 33 DEB
1 34077U 97051CL  26199.31630453  .00003348  00000+0  57522-3 0  9996
2 34077  86.3864 315.3673 0008244  14.1060  14.7398 14.68380581915221
IRIDIUM 33 DEB
1 34079U 97051CN  26198.46911507  .00006629  00000+0  67932-3 0  9996
2 34079  86.3717 269.4594 0003353 286.0491  92.9972 14.90327740921995
IRIDIUM 33 DEB
1 34088U 97051CX  26199.23799700  .00016469  00000+0  11247-2 0  9991
2 34088  86.3762 289.5206 0005903 146.0526 243.5715 15.06065751920004
IRIDIUM 33 DEB
1 34521U 97051HN  26199.21900188  .00002345  00000+0  42352-3 0  9995
2 34521  86.3787 294.5733 0002302 198.7260 161.3869 14.66059823916564
COSMOS 2251 DEB
1 33757U 93036E   26199.19481517  .00000036  00000+0  22815-4 0  9999
2 33757  74.0374 286.6240 0015815 253.0072 130.4222 14.32629966911103
COSMOS 2251 DEB
1 33758U 93036F   26199.00794068  .00001245  00000+0  30822-3 0  9997
2 33758  74.0263 165.2605 0016637 189.1550 235.1290 14.52962122914591
COSMOS 2251 DEB
1 33760U 93036H   26199.16695927  .00000079  00000+0  36399-4 0  9991
2 33760  74.0302 242.3741 0021651 290.6164 127.0065 14.35793664912453
COSMOS 2251 DEB
1 33761U 93036J   26199.15056075  .00000466  00000+0  14641-3 0  9991
2 33761  74.0336 208.5749 0024189 242.1644 188.9815 14.43096206913702
COSMOS 2251 DEB
1 33762U 93036K   26199.20443211  .00000026  00000+0  18745-4 0  9992
2 33762  74.0413 272.4346 0016387 284.4959 106.2118 14.33724165911642
COSMOS 2251 DEB
1 33764U 93036M   26199.17661067  .00000310  00000+0  10686-3 0  9992
2 33764  74.0315 231.0005 0020862 144.9176 283.7824 14.39907634912862
COSMOS 2251 DEB
1 33765U 93036N   26199.05395661  .00020913  00000+0  79605-3 0  9991
2 33765  73.9992  77.9837 0052015 115.3930 245.2668 15.25392780929163
COSMOS 2251 DEB
1 33766U 93036P   26199.13037293  .00000536  00000+0  19044-3 0  9995
2 33766  74.1859  99.9753 0063979 241.5161 117.9540 14.35576472908645
COSMOS 2251 DEB
1 33768U 93036R   26199.13264811  .00000050  00000+0  64092-4 0  9990
2 33768  74.0665 228.9331 0367805 338.3478  75.0670 13.58625551862484
COSMOS 2251 DEB
1 33779U 93036U   26199.21245922  .00006161  00000+0  91328-3 0  9993
2 33779  74.0435 107.1658 0014313  95.1730  58.3570 14.75235990917302
COSMOS 2251 DEB
1 33819U 93036BL  26199.01810148  .00000881  00000+0  31724-3 0  9991
2 33819  74.1777 176.5636 0089555 335.6080  86.5429 14.32938132906072
COSMOS 2251 DEB
1 33821U 93036BN  26199.00101933  .00022033  00000+0  53315-3 0  9991
2 33821  74.0238  37.9986 0032767  14.4238 345.7897 15.40471429783303
COSMOS 2251 DEB
1 33822U 93036BP  26199.04865772  .00001086  00000+0  52134-3 0  9997
2 33822  74.0674 169.6050 0150747 164.2543 270.7803 14.14251179891251
COSMOS 2251 DEB
1 33823U 93036BQ  26199.21143635  .00000497  00000+0  29810-3 0  9994
2 33823  73.8097 128.0242 0208487 215.6156 307.5326 13.99405790886510
COSMOS 2251 DEB
1 33825U 93036BS  26198.83693794  .00002085  00000+0  31411-3 0  9994
2 33825  73.9839 324.3069 0077034 239.5436 286.7993 14.73125596920730
COSMOS 2251 DEB
1 33826U 93036BT  26199.19893579  .00000729  00000+0  17010-3 0  9990
2 33826  74.0637   0.0946 0083032 351.7972  56.9373 14.54544735909283
COSMOS 2251 DEB
1 33828U 93036BV  26199.11124884  .00000474  00000+0  14308-3 0  9994
2 33828  74.0444 193.6418 0029588 217.7499 211.9360 14.44934002914526
COSMOS 2251 DEB
1 33830U 93036BX  26199.28281942  .00001966  00000+0  26475-3 0  9999
2 33830  74.0307 162.8889 0042928 230.5878 270.0691 14.79320689926865
COSMOS 2251 DEB
1 33832U 93036BZ  26198.99036791  .00002448  00000+0  47865-3 0  9990
2 33832  74.0540 154.4398 0021758 137.2312 292.4309 14.63290513916006
COSMOS 2251 DEB
1 33835U 93036CC  26199.00679863  .00001609  00000+0  30565-3 0  9996
2 33835  74.0550  44.8375 0054515  42.0260 109.2636 14.64095638919675
COSMOS 2251 DEB
1 33836U 93036CD  26199.24704903  .00003598  00000+0  44063-3 0  9994
2 33836  73.9946 188.3101 0024377 336.0966  42.3014 14.83376619673100
COSMOS 2251 DEB
1 33837U 93036CE  26199.17206437  .00000376  00000+0  10126-3 0  9990
2 33837  74.0123   6.0826 0034033 175.5110 184.6363 14.51112005919491
COSMOS 2251 DEB
1 33838U 93036CF  26199.21741242  .00000475  00000+0  13212-3 0  9993
2 33838  74.0368 102.3129 0026772 171.6068 348.8313 14.48940991917181
COSMOS 2251 DEB
1 33839U 93036CG  26199.30694904  .00000339  00000+0  66097-4 0  9995
2 33839  74.0389 148.1991 0084448 206.0455 305.6087 14.64969571927652
COSMOS 2251 DEB
1 33911U 93036DQ  26199.16825259  .00004329  00000+0  57282-3 0  9997
2 33911  74.0888  96.4401 0010071 325.5653 185.7154 14.80223465918561
COSMOS 2251 DEB
1 33912U 93036DR  26199.24607149  .00001067  00000+0  26443-3 0  9994
2 33912  74.0336 139.5223 0011011 175.3805 343.6938 14.53123609915916
COSMOS 2251 DEB
1 33913U 93036DS  26198.93230332  .00000653  00000+0  17608-3 0  9999
2 33913  74.0336 136.4154 0047643 187.0773 244.3193 14.49283585916039
COSMOS 2251 DEB
1 33914U 93036DT  26198.93430638  .00000185  00000+0  16176-3 0  9990
2 33914  74.0897  17.0369 0303578  69.4320  80.0958 13.72250462870606
COSMOS 2251 DEB
1 33915U 93036DU  26199.16233862  .00000393  00000+0  13666-3 0  9999
2 33915  74.0430 355.4300 0105876  34.1077  79.3910 14.35641937908773
COSMOS 2251 DEB
1 33916U 93036DV  26199.05962964  .00000240  00000+0  21014-3 0  9997
2 33916  74.0506  43.4639 0324213 167.0675 351.5182 13.68786788868641
COSMOS 2251 DEB
1 33917U 93036DW  26199.22384841  .00000227  00000+0  19065-3 0  9997
2 33917  74.1054 125.5962 0334085 175.2012 185.2452 13.69920292867110
COSMOS 2251 DEB
1 33920U 93036DZ  26199.11733628  .00002128  00000+0  43376-3 0  9994
2 33920  74.0576 244.2092 0032372 204.3188 155.6453 14.61317758912873
