NOAA 15
1 25338U 98030A   26211.79391953  .00000139  00000+0  74518-4 0  9990
2 25338  98.5065 231.2476 0009515 213.9830 146.0743 14.27158474467518
NOAA 20 (JPSS-1)
1 43013U 17073A   26211.84375007  .00000041  00000+0  40602-4 0  9995
2 43013  98.7775 150.9201 0001825 106.6354 253.5023 14.19518980450662
NOAA 21 (JPSS-2)
1 54234U 22150A   26211.80531061  .00000061  00000+0  49366-4 0  9992
2 54234  98.7061 149.8621 0002914  77.0151 283.1351 14.19543457192737
TERRA
1 25994U 99068A   26211.85600295  .00000352  00000+0  80538-4 0  9995
2 25994  97.9430 259.6649 0003703  92.2642  22.6525 14.61134649415980
AQUA
1 27424U 02022A   26211.85064939  .00000805  00000+0  16989-3 0  9999
2 27424  98.4312 182.0142 0001520 100.0078 320.3261 14.62150002289658
AURA
1 28376U 04026A   26211.87534209  .00000719  00000+0  15517-3 0  9996
2 28376  98.3443 168.6983 0001537  92.6704 267.4672 14.61388770172597
LANDSAT 8
1 39084U 13008A   26211.76750942  .00000337  00000+0  84984-4 0  9997
2 39084  98.2279 281.3795 0001294  92.0160 268.1187 14.57103644704247
LANDSAT 9
1 49260U 21088A   26211.80196235  .00000353  00000+0  88475-4 0  9992
2 49260  98.2258 281.4459 0001081 101.2615 258.8705 14.57105330257352
SENTINEL-1A
1 39634U 14016A   26211.91050356 -.00000006  00000+0  84350-5 0  9999
2 39634  98.1609 218.7870 0001427  81.4341 278.7020 14.59276854656394
SENTINEL-2A
1 40697U 15028A   26211.85107757 -.00000135  00000+0 -35032-4 0  9991
2 40697  98.5673 286.0783 0001358  91.7927 268.3411 14.30817324579977
SENTINEL-3A
1 41335U 16011A   26211.83732051  .00000094  00000+0  56999-4 0  9990
2 41335  98.6226 278.5883 0001193  86.4235 273.7082 14.26738037544287
SENTINEL-5P
1 42969U 17064A   26211.83261171  .00000033  00000+0  36701-4 0  9995
2 42969  98.7933 153.6558 0001243  90.7017 269.4301 14.19525561455758
ISS (ZARYA)
1 25544U 98067A   26211.86173118  .00009023  00000+0  17005-3 0  9996
2 25544  51.6314  83.9591 0007096 355.3737   4.7185 15.49272805578527
CSS (TIANHE)
1 48274U 21035A   26211.85249311  .00020538  00000+0  26383-3 0  9993
2 48274  41.4686  56.9027 0001069 290.4268  69.6456 15.58612604299983
HST
1 20580U 90037B   26210.90510242  .00006213  00000+0  19272-3 0  9993
2 20580  28.4724 148.5069 0001634 263.7347  96.3062 15.31202425795128
CYGFM05
1 41884U 16078A   26211.76239432  .00026678  00000+0  33621-3 0  9991
2 41884  34.9579 331.6362 0005943 203.7321 156.3130 15.58577181535557
CYGFM04
1 41885U 16078B   26211.65338707  .00032943  00000+0  33596-3 0  9998
2 41885  34.9325 297.7384 0005075 244.5070 115.5131 15.64013492535806
CYGFM02
1 41886U 16078C   26211.31001147  .00037888  00000+0  33620-3 0  9998
2 41886  34.9403 293.2162 0005652 243.2342 116.7808 15.67448864535934
LEGION 3
1 60452U 24146A   26211.82487941  .00003710  00000+0  20472-3 0  9997
2 60452  45.0002 156.6066 0006584  67.0745 293.0828 15.15753356108644
JASON-3
1 41240U 16002A   26211.80856168 -.00000052  00000+0  41377-4 0  9997
2 41240  66.0419  34.1244 0008109 269.2556  90.7534 12.87629256492865
SENTINEL-6A
1 46984U 20086A   26211.80800272 -.00000053  00000+0  36026-4 0  9995
2 46984  66.0412  44.4505 0007756 269.3742  90.6385 12.80930428265913
SWOT
1 54754U 22173A   26211.78968545  .00000007  00000+0  66486-5 0  9995
2 54754  77.6126 336.4475 0000138  57.8838 302.2327 14.00169722185251
SWARM B
1 39451U 13067A   26211.86210916  .00003611  00000+0  12780-3 0  9995
2 39451  87.7479 329.0526 0002299  97.9560 262.1951 15.28812884689917
SWARM A
1 39452U 13067B   26211.76948866  .00010049  00000+0  17800-3 0  9998
2 39452  87.3292  40.0353 0002979  78.8685 281.2911 15.50109127713006
TIMED
1 26998U 01055B   26211.82974089  .00001178  00000+0  11027-3 0  9994
2 26998  74.0681 147.1407 0002459 282.7883  77.3027 14.95377372337348
CRYOSAT 2
1 36508U 10013A   26211.84581873  .00000137  00000+0  33328-4 0  9996
2 36508  92.0347 287.9145 0002651  97.1424 263.0084 14.51901500864418
RESURS-DK 1
1 29228U 06021A   26211.19854192  .00001939  00000+0  11451-3 0  9999
2 29228  69.9301 228.1982 0007695 256.5622 103.4687 15.13369120109088
IRIDIUM 33
1 24946U 97051C   26211.79932800  .00000242  00000+0  77732-4 0  9994
2 24946  86.3910 331.6527 0008120 168.0841 192.0549 14.35164715511341
IRIDIUM 33 DEB
1 33773U 97051L   26211.85574500  .00000852  00000+0  24476-3 0  9991
2 33773  86.4043 323.0584 0013313 109.7180 250.5458 14.43714821916675
IRIDIUM 33 DEB
1 33775U 97051N   26211.78812203  .00001304  00000+0  39015-3 0  9998
2 33775  86.3652 311.3041 0015188 120.0586  10.5675 14.42125070914559
IRIDIUM 33 DEB
1 33776U 97051P   26211.86555904  .00000722  00000+0  22929-3 0  9999
2 33776  86.4076 344.0986 0015440 154.8513 327.4475 14.38590000913908
IRIDIUM 33 DEB
1 33777U 97051Q   26211.72113578  .00003520  00000+0  77633-3 0  9993
2 33777  86.3786 295.0501 0006644 181.5401 178.5788 14.57129214918816
IRIDIUM 33 DEB
1 33850U 97051T   26211.74971707  .00000962  00000+0  28272-3 0  9995
2 33850  86.3409 291.2405 0013828 125.1943 357.3256 14.42764757914687
IRIDIUM 33 DEB
1 33860U 97051AD  26211.24523153  .00005144  00000+0  84132-3 0  9993
2 33860  86.3812 285.3458 0005844 256.4628 160.9819 14.70664340920920
IRIDIUM 33 DEB
1 33862U 97051AF  26211.75198272  .00003547  00000+0  52829-3 0  9994
2 33862  86.4089 295.6881 0046546 352.9355 128.7287 14.73889577922079
IRIDIUM 33 DEB
1 33866U 97051AK  26211.82424024  .00004420  00000+0  17017-2 0  9993
2 33866  86.3038 355.5826 0114590 141.5040 347.6776 14.26582758900899
IRIDIUM 33 DEB
1 33953U 97051BN  26211.73703426  .00003271  00000+0  71582-3 0  9997
2 33953  86.3875 313.7990 0017526  51.7547 100.9770 14.57376494916510
IRIDIUM 33 DEB
1 33960U 97051BV  26210.91677426  .00013952  00000+0  12689-2 0  9993
2 33960  86.2568 180.4872 0004011  68.7693 353.0189 14.95120061922824
IRIDIUM 33 DEB
1 34071U 97051CE  26211.24619102  .00001570  00000+0  39611-3 0  9999
2 34071  86.3429 277.9837 0009576  71.8845 288.3401 14.50497709916606
IRIDIUM 33 DEB
1 34077U 97051CL  26211.80367992  .00006926  00000+0  11897-2 0  9999
2 34077  86.3868 309.8357 0006701 322.5855 156.9893 14.68544732917058
IRIDIUM 33 DEB
1 34079U 97051CN  26211.16464193  .00012309  00000+0  12537-2 0  9995
2 34079  86.3710 263.6156 0004738 219.0355 194.4520 14.90617140923884
IRIDIUM 33 DEB
1 34088U 97051CX  26211.74422706  .00033046  00000+0  22046-2 0  9990
2 34088  86.3733 283.6237 0005256 105.7592  21.7981 15.06891410921884
IRIDIUM 33 DEB
1 34521U 97051HN  26211.23139430  .00004499  00000+0  81441-3 0  9990
2 34521  86.3780 289.2609 0003883 163.6296 196.5043 14.66164239918323
COSMOS 2251 DEB
1 33757U 93036E   26211.85216644  .00000063  00000+0  32704-4 0  9992
2 33757  74.0357 263.5163 0015587 228.5106 248.6703 14.32631815912915
COSMOS 2251 DEB
1 33758U 93036F   26211.88317352  .00002585  00000+0  63153-3 0  9996
2 33758  74.0283 140.9562 0016249 160.3767 263.7450 14.53024548916460
COSMOS 2251 DEB
1 33760U 93036H   26211.08119389  .00000168  00000+0  67086-4 0  9996
2 33760  74.0296 220.5028 0021758 267.1302 148.8037 14.35797915914165
COSMOS 2251 DEB
1 33761U 93036J   26211.07469806  .00001001  00000+0  30527-3 0  9994
2 33761  74.0348 186.4310 0023845 217.8313 216.3284 14.43118904915420
COSMOS 2251 DEB
1 33762U 93036K   26211.21320373  .00000052  00000+0  28171-4 0  9994
2 33762  74.0397 250.4778 0016442 261.3042 166.7108 14.33725763913363
COSMOS 2251 DEB
1 33764U 93036M   26211.25446954  .00000679  00000+0  22368-3 0  9990
2 33764  74.0314 208.6824 0020522 118.8058 252.5397 14.39922944914606
COSMOS 2251 DEB
1 33765U 93036N   26210.98668607  .00054594  00000+0  20019-2 0  9996
2 33765  73.9984  52.6870 0049598  86.5597 274.1275 15.26540603930988
COSMOS 2251 DEB
1 33766U 93036P   26211.81330514  .00001128  00000+0  39110-3 0  9991
2 33766  74.1851  76.9187 0063542 214.8983 144.7998 14.35601398910468
COSMOS 2251 DEB
1 33768U 93036R   26211.27278470  .00000231  00000+0  22378-3 0  9997
2 33768  74.0667 209.3314 0368032 316.0695  53.1949 13.58630888864136
COSMOS 2251 DEB
1 33779U 93036U   26211.74000463  .00011181  00000+0  16410-2 0  9991
2 33779  74.0430  82.6813 0014910  68.1936 355.5634 14.75522120919150
COSMOS 2251 DEB
1 33819U 93036BL  26211.86315176  .00001687  00000+0  59846-3 0  9990
2 33819  74.1794 153.3023 0089605 309.0388 109.3852 14.32981756907914
COSMOS 2251 DEB
1 33821U 93036BN  26211.85640027  .00036378  00000+0  85063-3 0  9993
2 33821  74.0246  10.1583 0033815 341.6740  18.3247 15.41373438785289
COSMOS 2251 DEB
1 33822U 93036BP  26211.84923928  .00001476  00000+0  70384-3 0  9998
2 33822  74.0681 146.9632 0150592 138.1590 283.5686 14.14288804893060
COSMOS 2251 DEB
1 33823U 93036BQ  26211.84701538  .00000831  00000+0  48811-3 0  9994
2 33823  73.8091 105.8631 0208025 191.1468 244.3590 13.99424861888288
COSMOS 2251 DEB
1 33825U 93036BS  26211.73835838  .00005885  00000+0  87363-3 0  9994
2 33825  73.9839 299.0831 0076698 211.7780 308.3201 14.73255430922639
COSMOS 2251 DEB
1 33826U 93036BT  26211.72857425  .00001329  00000+0  30424-3 0  9995
2 33826  74.0643 336.4304 0083359 324.5405 147.5190 14.54571764911105
COSMOS 2251 DEB
1 33828U 93036BV  26211.31222837  .00000967  00000+0  28368-3 0  9996
2 33828  74.0457 170.9317 0029098 192.0687 318.9041 14.44956227916288
COSMOS 2251 DEB
1 33830U 93036BX  26211.84516661  .00004160  00000+0  55347-3 0  9994
2 33830  74.0317 138.1629 0042427 202.6671 213.5767 14.79421842928725
COSMOS 2251 DEB
1 33832U 93036BZ  26211.84061308  .00004695  00000+0  90983-3 0  9997
2 33832  74.0548 129.8174 0021833 108.1202 309.0966 14.63404796917882
COSMOS 2251 DEB
1 33835U 93036CC  26211.84588053  .00002541  00000+0  47853-3 0  9997
2 33835  74.0564  20.2034 0054776  13.7435 102.5588 14.64162492921553
COSMOS 2251 DEB
1 33836U 93036CD  26211.27070291  .00007906  00000+0  95783-3 0  9990
2 33836  73.9960 164.4399 0024394 309.9406 173.3530 14.83562607674885
COSMOS 2251 DEB
1 33837U 93036CE  26211.78816785  .00000949  00000+0  24471-3 0  9999
2 33837  74.0136 342.3145 0033498 148.6468 211.6699 14.51133403921329
COSMOS 2251 DEB
1 33838U 93036CF  26211.76670395  .00001087  00000+0  29274-3 0  9993
2 33838  74.0359  78.7885 0026412 144.3785 289.3638 14.48964901919009
COSMOS 2251 DEB
1 33839U 93036CG  26211.78753668  .00000906  00000+0  16662-3 0  9997
2 33839  74.0393 124.1983 0083892 178.9025 247.1974 14.64989080929489
COSMOS 2251 DEB
1 33911U 93036DQ  26211.80106204  .00008256  00000+0  10824-2 0  9998
2 33911  74.0886  71.6242 0009964 298.9740 186.0989 14.80429777920439
COSMOS 2251 DEB
1 33912U 93036DR  26211.82587534  .00002377  00000+0  58011-3 0  9999
2 33912  74.0344 115.7790 0010700 146.5165 274.7950 14.53176159917742
COSMOS 2251 DEB
1 33913U 93036DS  26211.84133904  .00001248  00000+0  32946-3 0  9995
2 33913  74.0336 112.2000 0047203 159.3477 277.1532 14.49314017917909
COSMOS 2251 DEB
1 33914U 93036DT  26211.83030351  .00000332  00000+0  27804-3 0  9997
2 33914  74.0911 355.7725 0303632  45.1095  67.9152 13.72259948872376
COSMOS 2251 DEB
1 33915U 93036DU  26211.77675558  .00000761  00000+0  25622-3 0  9997
2 33915  74.0441 332.2908 0106192   7.6746 115.1908 14.35659865910589
COSMOS 2251 DEB
1 33916U 93036DV  26211.84128303  .00000429  00000+0  36141-3 0  9996
2 33916  74.0513  22.4553 0324036 143.2264 335.0532 13.68797944870391
COSMOS 2251 DEB
1 33917U 93036DW  26211.78437905  .00000483  00000+0  38774-3 0  9995
2 33917  74.1049 104.9799 0333684 151.5934 210.3836 13.69929263868830
COSMOS 2251 DEB
1 33920U 93036DZ  26211.02895941  .00005033  00000+0  10146-2 0  9992
2 33920  74.0573 221.4613 0031995 179.1188 181.0041 14.61421305914619
