NOAA 15
1 25338U 98030A   26210.25151309  .00000127  00000+0  69397-4 0  9995
2 25338  98.5065 229.7469 0009439 218.8392 141.2112 14.27157906467295
NOAA 20 (JPSS-1)
1 43013U 17073A   26210.22257152  .00000056  00000+0  47706-4 0  9994
2 43013  98.7774 149.3132 0001812 108.3110 251.8263 14.19518731450437
NOAA 21 (JPSS-2)
1 54234U 22150A   26210.25464293  .00000034  00000+0  36627-4 0  9998
2 54234  98.7061 148.3375 0002929  79.9297 280.2209 14.19543133192512
TERRA
1 25994U 99068A   26210.27134350  .00000400  00000+0  90380-4 0  9994
2 25994  97.9432 258.1436 0003715  95.4398 329.0212 14.61133516415750
AQUA
1 27424U 02022A   26210.29046163  .00000788  00000+0  16652-3 0  9992
2 27424  98.4310 180.4222 0001492 100.6732  32.0969 14.62147382289422
AURA
1 28376U 04026A   26210.23209517  .00000787  00000+0  16891-3 0  9997
2 28376  98.3441 167.0408 0001521  92.8812 267.2562 14.61386476172356
LANDSAT 8
1 39084U 13008A   26210.25677094  .00000329  00000+0  83037-4 0  9995
2 39084  98.2281 279.8872 0001303  92.2440 267.8908 14.57102536704024
LANDSAT 9
1 49260U 21088A   26210.15388580  .00000333  00000+0  83984-4 0  9993
2 49260  98.2261 279.8184 0001078 100.0929 260.0391 14.57104012257119
SENTINEL-1A
1 39634U 14016A   26210.26482366  .00000216  00000+0  55605-4 0  9998
2 39634  98.1611 217.1686 0001427  82.4514 277.6848 14.59176219656152
SENTINEL-2A
1 40697U 15028A   26210.31261575  .00000209  00000+0  96493-4 0  9998
2 40697  98.5677 284.5621 0001376  94.3731 265.7609 14.30818117579754
SENTINEL-3A
1 41335U 16011A   26210.22433447  .00000101  00000+0  59597-4 0  9995
2 41335  98.6228 276.9990 0001215  87.1177 273.0143 14.26737626544057
SENTINEL-5P
1 42969U 17064A   26209.36561288  .00000042  00000+0  40886-4 0  9991
2 42969  98.7932 151.2061 0001241  91.3443 268.7875 14.19525148455409
ISS (ZARYA)
1 25544U 98067A   26210.12010945  .00008919  00000+0  16839-3 0  9999
2 25544  51.6320  92.5793 0007055 349.1886  10.8949 15.49239716578255
CSS (TIANHE)
1 48274U 21035A   26210.05831658  .00019945  00000+0  25713-3 0  9991
2 48274  41.4686  67.7847 0001110 300.2178  59.8550 15.58533133299705
HST
1 20580U 90037B   26210.05780545  .00006477  00000+0  20129-3 0  9999
2 20580  28.4726 154.3021 0001688 251.5991 108.4422 15.31192448794994
CYGFM05
1 41884U 16078A   26209.77671584  .00027328  00000+0  34579-3 0  9993
2 41884  34.9580 344.8210 0005752 184.7653 175.3017 15.58468548535248
CYGFM04
1 41885U 16078B   26209.67460935  .00034761  00000+0  35634-3 0  9991
2 41885  34.9330 310.9884 0005008 227.5775 132.4528 15.63875051535493
CYGFM02
1 41886U 16078C   26209.65403803  .00041597  00000+0  37098-3 0  9992
2 41886  34.9410 304.3610 0005604 228.9480 131.0763 15.67311269535673
LEGION 3
1 60452U 24146A   26210.17724145  .00003873  00000+0  21315-3 0  9991
2 60452  45.0002 165.4392 0006652  56.0521 304.0990 15.15740384108392
JASON-3
1 41240U 16002A   26210.25516617 -.00000038  00000+0  95756-4 0  9991
2 41240  66.0417  37.3905 0008107 269.3930  90.6160 12.87629245492667
SENTINEL-6A
1 46984U 20086A   26209.93418100 -.00000046  00000+0  65978-4 0  9991
2 46984  66.0410  48.3427 0007758 269.4089  90.6037 12.80930382265670
SWOT
1 54754U 22173A   26210.21769076 -.00000013  00000+0 -73929-5 0  9999
2 54754  77.6125 338.5692 0000143  58.3719 301.7446 14.00169713185036
SWARM B
1 39451U 13067A   26210.22570731  .00003935  00000+0  13945-3 0  9991
2 39451  87.7477 329.5490 0002288  97.0340 263.1169 15.28801519689662
SWARM A
1 39452U 13067B   26210.22010016  .00010501  00000+0  18525-3 0  9993
2 39452  87.3291  40.6112 0002527  74.6045 285.5495 15.50229380712767
TIMED
1 26998U 01055B   26210.15720879  .00001283  00000+0  11982-3 0  9992
2 26998  74.0680 150.5084 0002427 284.6704  75.4212 14.95373353337096
CRYOSAT 2
1 36508U 10013A   26210.26065652  .00000132  00000+0  32092-4 0  9995
2 36508  92.0349 287.5293 0002625  97.5959 262.5546 14.51901182864185
RESURS-DK 1
1 29228U 06021A   26210.20709118  .00002011  00000+0  11854-3 0  9996
2 29228  69.9301 230.7653 0007691 257.3575 102.6732 15.13365450108931
IRIDIUM 33
1 24946U 97051C   26210.05626278  .00000217  00000+0  69146-4 0  9993
2 24946  86.3909 332.3838 0007913 173.4163 186.7139 14.35163900511090
IRIDIUM 33 DEB
1 33773U 97051L   26209.36058156  .00000945  00000+0  27219-3 0  9999
2 33773  86.4042 324.1156 0013219 116.6114 243.6444 14.43710949916316
IRIDIUM 33 DEB
1 33775U 97051N   26209.78239100  .00001288  00000+0  38524-3 0  9999
2 33775  86.3652 312.1608 0015099 125.6636  38.5557 14.42120005914265
IRIDIUM 33 DEB
1 33776U 97051P   26209.85588184  .00000729  00000+0  23169-3 0  9995
2 33776  86.4073 344.9423 0015213 160.9651 359.9833 14.38587060913617
IRIDIUM 33 DEB
1 33777U 97051Q   26210.21033567  .00003534  00000+0  77966-3 0  9999
2 33777  86.3789 295.7085 0006450 186.4851 173.6275 14.57119237918597
IRIDIUM 33 DEB
1 33850U 97051T   26210.21105174  .00000894  00000+0  26228-3 0  9996
2 33850  86.3410 291.9027 0013722 129.6659 286.1945 14.42761594914468
IRIDIUM 33 DEB
1 33860U 97051AD  26209.97463898  .00005502  00000+0  90044-3 0  9996
2 33860  86.3814 285.9111 0005723 262.3847 272.4688 14.70650561920731
IRIDIUM 33 DEB
1 33862U 97051AF  26209.99650081  .00003525  00000+0  52498-3 0  9996
2 33862  86.4091 296.4672 0046796 359.1798 174.0391 14.73877489921816
IRIDIUM 33 DEB
1 33866U 97051AK  26209.86470324  .00004287  00000+0  16514-2 0  9990
2 33866  86.3033 356.4129 0114453 147.6748   4.2870 14.26565183900614
IRIDIUM 33 DEB
1 33953U 97051BN  26209.74576032  .00003209  00000+0  70233-3 0  9999
2 33953  86.3874 314.6652 0017714  57.8846  94.3092 14.57363874916221
IRIDIUM 33 DEB
1 33960U 97051BV  26210.17149324  .00015765  00000+0  14345-2 0  9997
2 33960  86.2566 180.8436 0004056  69.7913 303.2746 14.95098978922712
IRIDIUM 33 DEB
1 34071U 97051CE  26210.14241288  .00001629  00000+0  41117-3 0  9992
2 34071  86.3430 278.4644 0009645  74.7945 285.4326 14.50494479916447
IRIDIUM 33 DEB
1 34077U 97051CL  26210.04251806  .00007392  00000+0  12707-2 0  9999
2 34077  86.3868 310.6156 0006822 330.7524 204.1294 14.68519279916792
IRIDIUM 33 DEB
1 34079U 97051CN  26210.15786735  .00013663  00000+0  13926-2 0  9999
2 34079  86.3713 264.0791 0004585 223.1913 191.3590 14.90591825923731
IRIDIUM 33 DEB
1 34088U 97051CX  26210.20351778  .00038841  00000+0  25971-2 0  9998
2 34088  86.3740 284.3510 0005468 111.4728 303.9623 15.06782534921653
IRIDIUM 33 DEB
1 34521U 97051HN  26210.20764700  .00005001  00000+0  90584-3 0  9998
2 34521  86.3784 289.7137 0003760 165.8923 194.2397 14.66155499918171
COSMOS 2251 DEB
1 33757U 93036E   26210.16664406  .00000068  00000+0  34644-4 0  9998
2 33757  74.0359 266.5936 0015626 231.7812 195.8464 14.32631550912678
COSMOS 2251 DEB
1 33758U 93036F   26209.81122587  .00002763  00000+0  67471-3 0  9995
2 33758  74.0281 144.8675 0016284 165.0750 225.3838 14.53013727916167
COSMOS 2251 DEB
1 33760U 93036H   26210.17856078  .00000178  00000+0  70607-4 0  9992
2 33760  74.0296 222.1598 0021757 268.8997 163.3141 14.35797587914031
COSMOS 2251 DEB
1 33761U 93036J   26210.03328297  .00001089  00000+0  33137-3 0  9993
2 33761  74.0348 188.3651 0023873 219.9672 205.9977 14.43117190915273
COSMOS 2251 DEB
1 33762U 93036K   26210.16427417  .00000065  00000+0  32763-4 0  9990
2 33762  74.0399 252.3958 0016444 263.3343 152.8953 14.33725619913212
COSMOS 2251 DEB
1 33764U 93036M   26210.15561721  .00000720  00000+0  23685-3 0  9998
2 33764  74.0313 210.7129 0020542 121.2120 316.2893 14.39921607914443
COSMOS 2251 DEB
1 33765U 93036N   26210.00360709  .00057728  00000+0  21233-2 0  9992
2 33765  73.9984  54.7732 0049788  89.0348 271.6557 15.26416291930835
COSMOS 2251 DEB
1 33766U 93036P   26210.07115642  .00001077  00000+0  37392-3 0  9994
2 33766  74.1852  80.0860 0063597 218.5445 141.1160 14.35597528910211
COSMOS 2251 DEB
1 33768U 93036R   26210.18125992  .00000249  00000+0  23924-3 0  9993
2 33768  74.0667 211.0938 0368030 318.0699 114.4738 13.58630359863984
COSMOS 2251 DEB
1 33779U 93036U   26210.12457503  .00012749  00000+0  18715-2 0  9994
2 33779  74.0433  85.8395 0014792  71.2971  55.1770 14.75486980918915
COSMOS 2251 DEB
1 33819U 93036BL  26209.83260852  .00001878  00000+0  66523-3 0  9996
2 33819  74.1799 156.9795 0089636 313.2421  74.4154 14.32974994907624
COSMOS 2251 DEB
1 33821U 93036BN  26210.23369566  .00041658  00000+0  97742-3 0  9994
2 33821  74.0242  13.6748 0033600 345.5926  14.4320 15.41252144785039
COSMOS 2251 DEB
1 33822U 93036BP  26209.32146463  .00001587  00000+0  75642-3 0  9994
2 33822  74.0681 151.4342 0150580 143.3189  13.5140 14.14281048892707
COSMOS 2251 DEB
1 33823U 93036BQ  26210.05777840  .00000870  00000+0  51042-3 0  9998
2 33823  73.8093 109.0013 0208075 194.6108 230.3014 13.99422122888031
COSMOS 2251 DEB
1 33825U 93036BS  26209.96551249  .00005844  00000+0  86800-3 0  9997
2 33825  73.9841 302.5492 0076749 215.5691 265.8163 14.73233351922378
COSMOS 2251 DEB
1 33826U 93036BT  26210.07866037  .00001223  00000+0  28068-3 0  9995
2 33826  74.0643 339.5466 0083289 328.1421 147.7692 14.54567094910860
COSMOS 2251 DEB
1 33828U 93036BV  26210.17789252  .00001028  00000+0  30100-3 0  9994
2 33828  74.0456 173.0431 0029150 194.4845 178.2510 14.44954250916124
COSMOS 2251 DEB
1 33830U 93036BX  26210.22218934  .00004602  00000+0  61184-3 0  9994
2 33830  74.0317 141.3577 0042498 206.3139 209.7399 14.79408215928481
COSMOS 2251 DEB
1 33832U 93036BZ  26210.21233505  .00005233  00000+0  10136-2 0  9997
2 33832  74.0550 132.9377 0021844 111.7369  10.8792 14.63389513917648
COSMOS 2251 DEB
1 33835U 93036CC  26209.93935773  .00002737  00000+0  51501-3 0  9991
2 33835  74.0560  23.8617 0054700  17.9530 133.2825 14.64152728921279
COSMOS 2251 DEB
1 33836U 93036CD  26210.17104453  .00009624  00000+0  11652-2 0  9997
2 33836  73.9957 166.6233 0024401 312.3240  60.3778 14.83544373674727
COSMOS 2251 DEB
1 33837U 93036CE  26209.78890846  .00000910  00000+0  23477-3 0  9999
2 33837  74.0135 346.0809 0033590 152.8975 207.3949 14.51129446921039
COSMOS 2251 DEB
1 33838U 93036CF  26210.11910601  .00001046  00000+0  28201-3 0  9992
2 33838  74.0360  81.8772 0026456 147.9585 334.9720 14.48961231918760
COSMOS 2251 DEB
1 33839U 93036CG  26210.14900644  .00000857  00000+0  15781-3 0  9990
2 33839  74.0394 127.3493 0083961 182.4814 245.6558 14.64986035929246
COSMOS 2251 DEB
1 33911U 93036DQ  26210.04355028  .00009491  00000+0  12443-2 0  9994
2 33911  74.0888  75.0778 0009988 302.7067 179.6552 14.80399454920178
COSMOS 2251 DEB
1 33912U 93036DR  26210.02672135  .00002198  00000+0  53696-3 0  9997
2 33912  74.0347 119.1750 0010718 150.7708 222.2586 14.53167263917488
COSMOS 2251 DEB
1 33913U 93036DS  26210.19339214  .00001335  00000+0  35203-3 0  9990
2 33913  74.0337 115.2915 0047241 162.9015 318.8980 14.49310152917667
COSMOS 2251 DEB
1 33914U 93036DT  26210.16529507  .00000350  00000+0  29215-3 0  9996
2 33914  74.0909 358.5178 0303619  48.2509 122.5422 13.72258893872146
COSMOS 2251 DEB
1 33915U 93036DU  26209.83303557  .00000745  00000+0  25103-3 0  9994
2 33915  74.0440 335.8562 0106120  11.7473 149.2964 14.35656794910305
COSMOS 2251 DEB
1 33916U 93036DV  26209.94351875  .00000473  00000+0  39719-3 0  9999
2 33916  74.0511  25.5744 0324069 146.7629 343.5003 13.68796333870134
COSMOS 2251 DEB
1 33917U 93036DW  26210.10478163  .00000411  00000+0  33185-3 0  9993
2 33917  74.1051 107.7368 0333756 154.7493 207.0371 13.69927360868609
COSMOS 2251 DEB
1 33920U 93036DZ  26210.07058701  .00005218  00000+0  10518-2 0  9999
2 33920  74.0573 223.2917 0032032 181.1928 178.9168 14.61412020914477
