NOAA 15
1 25338U 98030A   26203.52100690  .00000053  00000+0  39217-4 0  9990
2 25338  98.5065 223.1985 0009150 240.5035 119.5234 14.27155704466333
NOAA 20 (JPSS-1)
1 43013U 17073A   26203.52639505  .00000042  00000+0  41113-4 0  9996
2 43013  98.7772 142.6761 0001633 116.3166 243.8178 14.19517540449486
NOAA 21 (JPSS-2)
1 54234U 22150A   26203.55857446  .00000023  00000+0  31735-4 0  9992
2 54234  98.7059 141.7538 0002913  91.3882 268.7628 14.19541919191568
TERRA
1 25994U 99068A   26203.57942042  .00000260  00000+0  61837-4 0  9993
2 25994  97.9436 251.7188 0003641 108.3723  57.1543 14.61127651414771
AQUA
1 27424U 02022A   26203.57078656  .00000547  00000+0  11871-3 0  9998
2 27424  98.4302 173.5661 0001347 102.3374 320.9031 14.62135962288444
AURA
1 28376U 04026A   26203.52213835  .00000547  00000+0  12040-3 0  9995
2 28376  98.3435 160.2730 0001425  93.9422 266.1941 14.61375199171374
LANDSAT 8
1 39084U 13008A   26203.52710435  .00000206  00000+0  55727-4 0  9993
2 39084  98.2284 273.2394 0001332  91.8130 268.3221 14.57097645703046
LANDSAT 9
1 49260U 21088A   26203.42422544  .00000255  00000+0  66666-4 0  9995
2 49260  98.2263 273.1720 0001064  94.5920 265.5400 14.57099187256135
SENTINEL-1A
1 39634U 14016A   26203.61328566  .00000290  00000+0  71208-4 0  9999
2 39634  98.1699 210.6250 0001446  83.1946 276.9419 14.59174251655183
SENTINEL-2A
1 40697U 15028A   26203.59932475  .00000424  00000+0  17852-3 0  9994
2 40697  98.5669 277.9461 0001342  96.2575 263.8761 14.30817198578792
SENTINEL-3A
1 41335U 16011A   26203.49186501  .00000052  00000+0  39660-4 0  9996
2 41335  98.6231 270.3652 0001298  88.4537 271.6792 14.26741178543093
SENTINEL-5P
1 42969U 17064A   26203.30384108  .00000033  00000+0  36599-4 0  9999
2 42969  98.7929 145.1869 0001192  92.0923 268.0389 14.19524130454546
ISS (ZARYA)
1 25544U 98067A   26203.15321183  .00008859  00000+0  16818-3 0  9993
2 25544  51.6313 127.0562 0006883 324.3803  35.6725 15.49090344577176
CSS (TIANHE)
1 48274U 21035A   26203.45756980  .00010144  00000+0  13442-3 0  9999
2 48274  41.4671 107.8074 0001199 305.3687  54.7038 15.58249100298673
HST
1 20580U 90037B   26203.21405009  .00005689  00000+0  17638-3 0  9993
2 20580  28.4723 201.1073 0002035 171.5650 188.4980 15.31110914793948
CYGFM05
1 41884U 16078A   26203.56256625  .00027676  00000+0  35479-3 0  9995
2 41884  34.9575  26.0699 0005291 119.2521 240.8733 15.58125584534272
CYGFM04
1 41885U 16078B   26203.54567221  .00034861  00000+0  36360-3 0  9995
2 41885  34.9331 352.0121 0004473 169.1982 190.8841 15.63440908534530
CYGFM02
1 41886U 16078C   26203.53841189  .00041760  00000+0  38037-3 0  9992
2 41886  34.9411 345.4993 0005135 170.1710 189.9119 15.66795650534717
LEGION 3
1 60452U 24146A   26203.38881283  .00002913  00000+0  16399-3 0  9993
2 60452  44.9999 201.8289 0007423  14.0413 346.0671 15.15683119107366
JASON-3
1 41240U 16002A   26203.57556455 -.00000045  00000+0  68610-4 0  9999
2 41240  66.0415  51.4349 0008126 270.2151  89.7937 12.87628961491801
SENTINEL-6A
1 46984U 20086A   26203.61003189 -.00000065  00000+0 -15729-4 0  9998
2 46984  66.0410  61.4791 0007778 269.6002  90.4122 12.80930270264868
SWOT
1 54754U 22173A   26203.50099073  .00000078  00000+0  54522-4 0  9992
2 54754  77.6118 347.6355 0000212  71.1073 289.0101 14.00172726184097
SWARM B
1 39451U 13067A   26203.61451339  .00003482  00000+0  12342-3 0  9995
2 39451  87.7464 331.5561 0002253  91.3746 268.7761 15.28751784688654
SWARM A
1 39452U 13067B   26203.50665929  .00010431  00000+0  18093-3 0  9997
2 39452  87.3303  43.1056 0003310  90.0340 270.1300 15.50704851711728
TIMED
1 26998U 01055B   26203.33322503  .00000927  00000+0  87586-4 0  9994
2 26998  74.0674 164.2490 0002379 292.6522  67.4411 14.95355508336076
CRYOSAT 2
1 36508U 10013A   26203.57540379  .00000057  00000+0  13481-4 0  9992
2 36508  92.0353 285.9046 0002501  98.8960 261.2530 14.51899791863211
RESURS-DK 1
1 29228U 06021A   26203.33295939  .00001431  00000+0  86164-4 0  9995
2 29228  69.9299 248.5646 0007524 263.4935  96.5374 15.13337369107894
IRIDIUM 33
1 24946U 97051C   26203.36288509  .00000186  00000+0  58310-4 0  9996
2 24946  86.3902 335.1916 0007066 195.6224 164.4756 14.35161083510136
IRIDIUM 33 DEB
1 33773U 97051L   26203.33057018  .00000694  00000+0  19825-3 0  9991
2 33773  86.4038 326.6705 0012841 133.5801 226.6468 14.43699576915441
IRIDIUM 33 DEB
1 33775U 97051N   26203.30172942  .00001011  00000+0  30134-3 0  9994
2 33775  86.3650 314.9289 0014636 144.1231 236.4959 14.42103406913339
IRIDIUM 33 DEB
1 33776U 97051P   26203.36182059  .00000601  00000+0  18977-3 0  9996
2 33776  86.4066 347.6692 0014417 181.5204 208.7045 14.38578050912686
IRIDIUM 33 DEB
1 33777U 97051Q   26203.34293069  .00003149  00000+0  69495-3 0  9990
2 33777  86.3786 298.7019 0005593 211.3383 148.7493 14.57072263917590
IRIDIUM 33 DEB
1 33850U 97051T   26203.34740628  .00000673  00000+0  19608-3 0  9990
2 33850  86.3413 294.8565 0013124 149.6269 279.7070 14.42749562913473
IRIDIUM 33 DEB
1 33860U 97051AD  26203.55780418  .00005432  00000+0  89041-3 0  9991
2 33860  86.3811 288.7670 0005527 294.8667 130.0675 14.70578385919793
IRIDIUM 33 DEB
1 33862U 97051AF  26203.51601149  .00003529  00000+0  52571-3 0  9995
2 33862  86.4086 299.3443 0047846  21.8815 349.1982 14.73829633920861
IRIDIUM 33 DEB
1 33866U 97051AK  26202.40564848  .00003102  00000+0  11954-2 0  9996
2 33866  86.3027 359.5743 0113673 171.4026 218.4277 14.26504713899552
IRIDIUM 33 DEB
1 33953U 97051BN  26203.34327817  .00002271  00000+0  49608-3 0  9994
2 33953  86.3869 317.4512 0018219  77.0774 346.5905 14.57322642915295
IRIDIUM 33 DEB
1 33960U 97051BV  26203.43737675  .00014185  00000+0  12973-2 0  9990
2 33960  86.2568 184.0630 0004465  72.0581  82.1664 14.94897726921705
IRIDIUM 33 DEB
1 34071U 97051CE  26203.51968513  .00001229  00000+0  30887-3 0  9990
2 34071  86.3434 281.3482 0009898  91.9363 268.2976 14.50472827915485
IRIDIUM 33 DEB
1 34077U 97051CL  26203.61628788  .00007288  00000+0  12554-2 0  9995
2 34077  86.3858 313.4626 0007585 358.0194  66.7259 14.68424627915858
IRIDIUM 33 DEB
1 34079U 97051CN  26203.17682584  .00013485  00000+0  13808-2 0  9991
2 34079  86.3715 267.2925 0003619 256.9767 163.5577 14.90408133922694
IRIDIUM 33 DEB
1 34088U 97051CX  26203.22916498  .00037427  00000+0  25384-2 0  9995
2 34088  86.3747 287.6396 0005901 134.1466 281.4751 15.06259442920604
IRIDIUM 33 DEB
1 34521U 97051HN  26203.51899633  .00004437  00000+0  80441-3 0  9991
2 34521  86.3782 292.6717 0002886 183.7727 176.3466 14.66090013917194
COSMOS 2251 DEB
1 33757U 93036E   26203.32303399  .00000031  00000+0  20923-4 0  9994
2 33757  74.0369 279.0877 0015765 245.0461 181.0076 14.32630487911699
COSMOS 2251 DEB
1 33758U 93036F   26203.27856692  .00002097  00000+0  51421-3 0  9998
2 33758  74.0268 157.1992 0016480 179.7482 253.7369 14.52979093915218
COSMOS 2251 DEB
1 33760U 93036H   26203.50501603  .00000130  00000+0  54078-4 0  9994
2 33760  74.0297 234.4107 0021721 282.0318 229.3848 14.35794921913079
COSMOS 2251 DEB
1 33761U 93036J   26203.46476356  .00000837  00000+0  25653-3 0  9996
2 33761  74.0339 200.5632 0024092 233.4193 281.6193 14.43103313914320
COSMOS 2251 DEB
1 33762U 93036K   26203.45903674  .00000017  00000+0  15426-4 0  9992
2 33762  74.0406 264.6556 0016426 276.2848 105.3568 14.33724537912250
COSMOS 2251 DEB
1 33764U 93036M   26203.13572807  .00000518  00000+0  17262-3 0  9994
2 33764  74.0312 223.6847 0020726 136.4605 286.7330 14.39911773913430
COSMOS 2251 DEB
1 33765U 93036N   26203.38228016  .00048911  00000+0  18380-2 0  9992
2 33765  73.9994  68.8134 0051615 104.9412 255.7511 15.25668810929824
COSMOS 2251 DEB
1 33766U 93036P   26203.38126725  .00000831  00000+0  29056-3 0  9999
2 33766  74.1858  92.2479 0063825 232.6104 126.9229 14.35583614909251
COSMOS 2251 DEB
1 33768U 93036R   26203.49759301  .00000142  00000+0  14500-3 0  9998
2 33768  74.0663 221.8856 0367922 330.3280 184.2525 13.58626742863070
COSMOS 2251 DEB
1 33779U 93036U   26202.71571300  .00013019  00000+0  19196-2 0  9997
2 33779  74.0433 100.3200 0014543  87.4306 303.9124 14.75297357917822
COSMOS 2251 DEB
1 33819U 93036BL  26203.36422929  .00001474  00000+0  52444-3 0  9992
2 33819  74.1784 168.6932 0089645 326.5853 186.3988 14.32950430906690
COSMOS 2251 DEB
1 33821U 93036BN  26203.48182368  .00037925  00000+0  90704-3 0  9999
2 33821  74.0245  28.3001 0032928   2.9776 357.1621 15.40719438783993
COSMOS 2251 DEB
1 33822U 93036BP  26203.30778956  .00001464  00000+0  69870-3 0  9994
2 33822  74.0675 162.0711 0150611 155.5810 355.4724 14.14261525891858
COSMOS 2251 DEB
1 33823U 93036BQ  26203.49115942  .00000660  00000+0  39109-3 0  9994
2 33823  73.8098 120.5183 0208292 207.3260 268.2703 13.99411531887119
COSMOS 2251 DEB
1 33825U 93036BS  26202.77316870  .00004653  00000+0  69345-3 0  9990
2 33825  73.9835 316.6116 0076982 231.0585 281.6075 14.73153065921318
COSMOS 2251 DEB
1 33826U 93036BT  26203.39040958  .00000943  00000+0  21803-3 0  9996
2 33826  74.0640 352.1783 0083073 342.6720  45.1699 14.54551568909892
COSMOS 2251 DEB
1 33828U 93036BV  26203.42008252  .00000803  00000+0  23696-3 0  9990
2 33828  74.0449 185.6216 0029429 208.7683 305.3940 14.44940546915148
COSMOS 2251 DEB
1 33830U 93036BX  26203.33687875  .00003952  00000+0  52691-3 0  9992
2 33830  74.0307 154.9099 0042764 221.6448 260.2485 14.79346186927461
COSMOS 2251 DEB
1 33832U 93036BZ  26203.59128693  .00004423  00000+0  85917-3 0  9991
2 33832  74.0540 145.6242 0021768 126.7176  50.0832 14.63322239916671
COSMOS 2251 DEB
1 33835U 93036CC  26203.49249672  .00002270  00000+0  42854-3 0  9995
2 33835  74.0551  36.2311 0054578  32.1793 352.4504 14.64115373920331
COSMOS 2251 DEB
1 33836U 93036CD  26203.38579373  .00008253  00000+0  10030-2 0  9995
2 33836  73.9950 180.0944 0024442 327.1191 183.8457 14.83423458673716
COSMOS 2251 DEB
1 33837U 93036CE  26203.44639416  .00000677  00000+0  17666-3 0  9993
2 33837  74.0127 358.0295 0033880 166.4483 193.7596 14.51117696920117
COSMOS 2251 DEB
1 33838U 93036CF  26203.42043120  .00000754  00000+0  20542-3 0  9996
2 33838  74.0366  94.4345 0026631 162.5532 312.7413 14.48947437917799
COSMOS 2251 DEB
1 33839U 93036CG  26203.53446939  .00000584  00000+0  10947-3 0  9993
2 33839  74.0394 140.0694 0084256 196.8836 281.0727 14.64974618928270
COSMOS 2251 DEB
1 33911U 93036DQ  26203.47703439  .00009036  00000+0  11883-2 0  9998
2 33911  74.0889  87.9769 0010019 316.7403 105.8963 14.80278616919202
COSMOS 2251 DEB
1 33912U 93036DR  26203.23212622  .00001720  00000+0  42207-3 0  9999
2 33912  74.0337 131.9992 0010896 166.3434 316.3265 14.53137076916491
COSMOS 2251 DEB
1 33913U 93036DS  26202.79007495  .00000969  00000+0  25773-3 0  9993
2 33913  74.0339 129.1791 0047499 178.8123 212.0531 14.49290968916596
COSMOS 2251 DEB
1 33914U 93036DT  26203.42969390  .00000275  00000+0  23307-3 0  9997
2 33914  74.0902   9.6241 0303592  60.9551 327.8101 13.72253070871226
COSMOS 2251 DEB
1 33915U 93036DU  26203.39698689  .00000540  00000+0  18449-3 0  9990
2 33915  74.0436 347.6620 0105973  25.2365   5.4629 14.35646298909386
COSMOS 2251 DEB
1 33916U 93036DV  26202.91552148  .00000373  00000+0  31673-3 0  9995
2 33916  74.0507  37.1260 0324163 159.8716 271.9578 13.68789614869175
COSMOS 2251 DEB
1 33917U 93036DW  26202.21793882  .00000239  00000+0  20024-3 0  9990
2 33917  74.1056 120.6819 0333982 169.5761 191.2517 13.69921580867526
COSMOS 2251 DEB
1 33920U 93036DZ  26203.49872321  .00004329  00000+0  87498-3 0  9993
2 33920  74.0578 235.8421 0032275 195.2012 164.8188 14.61347989913511
