NOAA 15
1 25338U 98030A   26199.59487532  .00000025  00000+0  27703-4 0  9990
2 25338  98.5064 219.3784 0009045 253.4832 106.5356 14.27154947465773
NOAA 20 (JPSS-1)
1 43013U 17073A   26199.57917276  .00000025  00000+0  32732-4 0  9997
2 43013  98.7772 138.7638 0001512 120.7288 239.4037 14.19516825448923
NOAA 21 (JPSS-2)
1 54234U 22150A   26199.54093066 -.00000002  00000+0  19503-4 0  9992
2 54234  98.7059 137.8036 0002889  98.7269 261.4235 14.19541332190998
TERRA
1 25994U 99068A   26199.60659832  .00000151  00000+0  39702-4 0  9998
2 25994  97.9439 247.9044 0003536 116.1345  44.6257 14.61125153414196
AQUA
1 27424U 02022A   26199.60004448  .00000309  00000+0  71293-4 0  9995
2 27424  98.4299 169.5150 0001252 101.5604 313.3072 14.62131087287869
AURA
1 28376U 04026A   26199.61938679  .00000320  00000+0  74565-4 0  9999
2 28376  98.3432 156.3368 0001371  93.8404 266.2954 14.61370411170807
LANDSAT 8
1 39084U 13008A   26199.61290142  .00000089  00000+0  29817-4 0  9995
2 39084  98.2288 269.3726 0001360  91.4191 268.7164 14.57095406702478
LANDSAT 9
1 49260U 21088A   26199.16667479  .00000157  00000+0  44927-4 0  9995
2 49260  98.2268 268.9668 0001101  90.4486 269.6838 14.57096763255515
SENTINEL-1A
1 39634U 14016A   26199.63607448 -.00000543  00000+0 -10553-3 0  9992
2 39634  98.1728 206.7092 0001446  81.4050 278.7313 14.59173106654600
SENTINEL-2A
1 40697U 15028A   26199.61330497  .00000387  00000+0  16416-3 0  9990
2 40697  98.5675 274.0174 0001317  94.8286 265.3047 14.30816198578224
SENTINEL-3A
1 41335U 16011A   26199.63473251  .00000041  00000+0  35110-4 0  9991
2 41335  98.6235 266.5643 0001323  89.3195 270.8137 14.26740388542548
SENTINEL-5P
1 42969U 17064A   26199.28615270  .00000005  00000+0  23527-4 0  9993
2 42969  98.7929 141.1975 0001163  94.0399 266.0910 14.19523527453970
ISS (ZARYA)
1 25544U 98067A   26199.34696572  .00003718  00000+0  75524-4 0  9994
2 25544  51.6316 145.8895 0006803 309.9700  50.0690 15.49039991576580
CSS (TIANHE)
1 48274U 21035A   26198.52240887  .00001129  00000+0  18813-4 0  9995
2 48274  41.4691 137.7269 0001921 301.5742  58.4908 15.58143309297902
HST
1 20580U 90037B   26199.43354525  .00003110  00000+0  93233-4 0  9990
2 20580  28.4721 226.9603 0002184 135.0814 224.9959 15.31079978793364
CYGFM05
1 41884U 16078A   26198.94916846  .00015584  00000+0  20178-3 0  9993
2 41884  34.9569  56.6818 0005502  66.5453 293.5850 15.57940504533551
CYGFM04
1 41885U 16078B   26199.58652896  .00020138  00000+0  21250-3 0  9990
2 41885  34.9328  18.4985 0004188 125.4706 234.6411 15.63222567533919
CYGFM02
1 41886U 16078C   26199.58770515  .00024554  00000+0  22674-3 0  9997
2 41886  34.9410  12.0586 0004911 127.2650 232.8526 15.66534306534098
LEGION 3
1 60452U 24146A   26199.43428310  .00001139  00000+0  72506-4 0  9993
2 60452  45.0015 223.0267 0007898 351.6880   8.3866 15.15665537106764
JASON-3
1 41240U 16002A   26199.61440487 -.00000038  00000+0  94702-4 0  9998
2 41240  66.0416  59.7635 0008149 270.6236  89.3849 12.87628832491292
SENTINEL-6A
1 46984U 20086A   26199.62816027 -.00000053  00000+0  33637-4 0  9990
2 46984  66.0412  69.7501 0007768 269.6675  90.3450 12.80930235264353
SWOT
1 54754U 22173A   26199.57101225 -.00000032  00000+0 -20191-4 0  9993
2 54754  77.6114 352.9407 0000233  67.1088 293.0088 14.00172517183540
SWARM B
1 39451U 13067A   26199.62151621  .00001849  00000+0  64951-4 0  9990
2 39451  87.7464 332.7680 0002230  85.9710 274.1794 15.28729784688049
SWARM A
1 39452U 13067B   26199.57154359  .00005632  00000+0  94623-4 0  9999
2 39452  87.3298  44.5697 0003337  92.3870 267.7773 15.51497909711112
TIMED
1 26998U 01055B   26199.31908261  .00000537  00000+0  52310-4 0  9991
2 26998  74.0667 172.3317 0002300 297.1721  62.9229 14.95348150335476
CRYOSAT 2
1 36508U 10013A   26199.57803405  .00000083  00000+0  19993-4 0  9991
2 36508  92.0357 284.9329 0002435  98.9285 261.2198 14.51899068862637
RESURS-DK 1
1 29228U 06021A   26199.56535781  .00000867  00000+0  54664-4 0  9998
2 29228  69.9304 258.3198 0007302 267.3280  92.7050 15.13325666107326
IRIDIUM 33
1 24946U 97051C   26199.66757777  .00000125  00000+0  36808-4 0  9992
2 24946  86.3899 336.7419 0006625 209.0691 151.0137 14.35159878509608
IRIDIUM 33 DEB
1 33773U 97051L   26199.31053759  .00000414  00000+0  11581-3 0  9992
2 33773  86.4036 328.3741 0012490 145.0559 215.1464 14.43694286914863
IRIDIUM 33 DEB
1 33775U 97051N   26199.27863844  .00000663  00000+0  19557-3 0  9990
2 33775  86.3650 316.6474 0014226 155.7551 232.0516 14.42095759912759
IRIDIUM 33 DEB
1 33776U 97051P   26199.67151593  .00000349  00000+0  10754-3 0  9997
2 33776  86.4062 349.2191 0013942 193.7474 176.9896 14.38573710912150
IRIDIUM 33 DEB
1 33777U 97051Q   26199.29106504  .00001758  00000+0  38608-3 0  9991
2 33777  86.3791 300.4678 0005158 229.1493 130.9269 14.57051698917003
IRIDIUM 33 DEB
1 33850U 97051T   26199.52150428  .00000500  00000+0  14404-3 0  9995
2 33850  86.3416 296.5028 0012693 160.9746 209.7015 14.42744674912925
IRIDIUM 33 DEB
1 33860U 97051AD  26199.53345472  .00002573  00000+0  42013-3 0  9991
2 33860  86.3814 290.5579 0005718 315.3314  58.5604 14.70546148919209
IRIDIUM 33 DEB
1 33862U 97051AF  26199.57822528  .00001990  00000+0  29469-3 0  9991
2 33862  86.4091 301.0925 0048509  35.4464 336.4600 14.73807109920287
IRIDIUM 33 DEB
1 33866U 97051AK  26198.98689322  .00001998  00000+0  76804-3 0  9995
2 33866  86.3021   1.0233 0113184 182.3679 301.8629 14.26487391899067
IRIDIUM 33 DEB
1 33953U 97051BN  26199.28528446  .00001462  00000+0  31762-3 0  9995
2 33953  86.3868 319.2167 0018424  89.0835 298.7689 14.57304506914700
IRIDIUM 33 DEB
1 33960U 97051BV  26199.42048836  .00006110  00000+0  55885-3 0  9996
2 33960  86.2571 185.9833 0004544  76.5875  75.2892 14.94822469921109
IRIDIUM 33 DEB
1 34071U 97051CE  26199.51840876  .00000823  00000+0  20508-3 0  9993
2 34071  86.3438 283.0904 0009938 102.0979 258.1340 14.50463098914908
IRIDIUM 33 DEB
1 34077U 97051CL  26199.31630453  .00003348  00000+0  57522-3 0  9996
2 34077  86.3864 315.3673 0008244  14.1060  14.7398 14.68380581915221
IRIDIUM 33 DEB
1 34079U 97051CN  26199.63564396  .00006388  00000+0  65429-3 0  9997
2 34079  86.3716 268.9227 0003427 278.2544 235.3002 14.90342859922160
IRIDIUM 33 DEB
1 34088U 97051CX  26199.50073589  .00016657  00000+0  11373-2 0  9990
2 34088  86.3763 289.3970 0005915 145.2603 227.9346 15.06074414920047
IRIDIUM 33 DEB
1 34521U 97051HN  26199.21900188  .00002345  00000+0  42352-3 0  9995
2 34521  86.3787 294.5733 0002302 198.7260 161.3869 14.66059823916564
COSMOS 2251 DEB
1 33757U 93036E   26199.27150277  .00000032  00000+0  21541-4 0  9995
2 33757  74.0374 286.4840 0015812 252.8508 165.9338 14.32629967911118
COSMOS 2251 DEB
1 33758U 93036F   26199.64912652  .00001194  00000+0  29590-3 0  9991
2 33758  74.0264 164.0502 0016599 187.7425 349.0015 14.52963477914681
COSMOS 2251 DEB
1 33760U 93036H   26199.31102606  .00000077  00000+0  35714-4 0  9993
2 33760  74.0302 242.1097 0021657 290.3251 151.6593 14.35793676912479
COSMOS 2251 DEB
1 33761U 93036J   26199.51426638  .00000452  00000+0  14222-3 0  9997
2 33761  74.0336 207.8995 0024178 241.4501 278.4354 14.43096505913759
COSMOS 2251 DEB
1 33762U 93036K   26199.56011840  .00000023  00000+0  17608-4 0  9994
2 33762  74.0413 271.7843 0016390 283.8115 142.0007 14.33724146911696
COSMOS 2251 DEB
1 33764U 93036M   26199.54009383  .00000304  00000+0  10482-3 0  9997
2 33764  74.0314 230.3288 0020843 144.1445   7.9715 14.39907863912911
COSMOS 2251 DEB
1 33765U 93036N   26199.05395661  .00020913  00000+0  79605-3 0  9991
2 33765  73.9992  77.9837 0052015 115.3930 245.2668 15.25392780929163
COSMOS 2251 DEB
1 33766U 93036P   26199.47880755  .00000516  00000+0  18382-3 0  9993
2 33766  74.1859  99.3419 0063957 240.7778 118.6970 14.35576775908695
COSMOS 2251 DEB
1 33768U 93036R   26199.34536377  .00000051  00000+0  65112-4 0  9997
2 33768  74.0664 228.5897 0367809 337.9566  35.4710 13.58625571862514
COSMOS 2251 DEB
1 33779U 93036U   26199.21245922  .00006161  00000+0  91328-3 0  9993
2 33779  74.0435 107.1658 0014313  95.1730  58.3570 14.75235990917302
COSMOS 2251 DEB
1 33819U 93036BL  26199.38459613  .00000877  00000+0  31571-3 0  9992
2 33819  74.1778 175.8998 0089567 334.8515 177.1242 14.32938728906120
COSMOS 2251 DEB
1 33821U 93036BN  26199.52056511  .00018959  00000+0  45889-3 0  9998
2 33821  74.0239  36.8743 0032709  13.1758 347.0296 15.40491774783383
COSMOS 2251 DEB
1 33822U 93036BP  26199.04865772  .00001086  00000+0  52134-3 0  9997
2 33822  74.0674 169.6050 0150747 164.2543 270.7803 14.14251179891251
COSMOS 2251 DEB
1 33823U 93036BQ  26199.57333328  .00000490  00000+0  29407-3 0  9998
2 33823  73.8097 127.3895 0208466 214.9128 330.7250 13.99406121886562
COSMOS 2251 DEB
1 33825U 93036BS  26199.62245856  .00002103  00000+0  31680-3 0  9993
2 33825  73.9839 322.7714 0077035 237.8495 132.5864 14.73129099920856
COSMOS 2251 DEB
1 33826U 93036BT  26199.19893579  .00000729  00000+0  17010-3 0  9990
2 33826  74.0637   0.0946 0083032 351.7972  56.9373 14.54544735909283
COSMOS 2251 DEB
1 33828U 93036BV  26199.38824372  .00000477  00000+0  14387-3 0  9992
2 33828  74.0445 193.1263 0029578 217.1806 212.7821 14.44934278914565
COSMOS 2251 DEB
1 33830U 93036BX  26199.35399558  .00001969  00000+0  26520-3 0  9994
2 33830  74.0307 162.7488 0042923 230.4332 289.1177 14.79320995926879
COSMOS 2251 DEB
1 33832U 93036BZ  26199.34950111  .00002363  00000+0  46219-3 0  9999
2 33832  74.0540 153.7517 0021747 136.4126  24.3266 14.63291875916054
COSMOS 2251 DEB
1 33835U 93036CC  26199.52870416  .00001496  00000+0  28471-3 0  9997
2 33835  74.0550  43.8362 0054523  40.8853 340.0995 14.64096842919753
COSMOS 2251 DEB
1 33836U 93036CD  26199.40660544  .00003608  00000+0  44184-3 0  9990
2 33836  73.9947 187.9934 0024385 335.7573 174.3404 14.83377835673121
COSMOS 2251 DEB
1 33837U 93036CE  26199.44782803  .00000376  00000+0  10141-3 0  9993
2 33837  74.0123   5.5631 0034026 174.9246 185.2267 14.51112243919533
COSMOS 2251 DEB
1 33838U 93036CF  26199.49598263  .00000473  00000+0  13166-3 0  9992
2 33838  74.0369 101.7907 0026767 170.9886   1.9330 14.48941283917229
COSMOS 2251 DEB
1 33839U 93036CG  26199.30694904  .00000339  00000+0  66097-4 0  9995
2 33839  74.0389 148.1991 0084448 206.0455 305.6087 14.64969571927652
COSMOS 2251 DEB
1 33911U 93036DQ  26199.48857427  .00004224  00000+0  55900-3 0  9993
2 33911  74.0888  95.8109 0010070 324.9947  92.5020 14.80226101918610
COSMOS 2251 DEB
1 33912U 93036DR  26199.24607149  .00001067  00000+0  26443-3 0  9994
2 33912  74.0336 139.5223 0011011 175.3805 343.6938 14.53123609915916
COSMOS 2251 DEB
1 33913U 93036DS  26199.21951749  .00000646  00000+0  17418-3 0  9994
2 33913  74.0336 135.8766 0047628 186.4782 302.8251 14.49283872916075
COSMOS 2251 DEB
1 33914U 93036DT  26199.49392601  .00000177  00000+0  15509-3 0  9999
2 33914  74.0898  16.1142 0303584  68.3762 324.6777 13.72250708870688
COSMOS 2251 DEB
1 33915U 93036DU  26199.42502969  .00000386  00000+0  13423-3 0  9998
2 33915  74.0431 354.9481 0105886  33.5555 357.0657 14.35642109908814
COSMOS 2251 DEB
1 33916U 93036DV  26199.54543102  .00000230  00000+0  20225-3 0  9992
2 33916  74.0506  42.6654 0324209 166.1598 225.3712 13.68787022868715
COSMOS 2251 DEB
1 33917U 93036DW  26199.22384841  .00000227  00000+0  19065-3 0  9997
2 33917  74.1054 125.5962 0334085 175.2012 185.2452 13.69920292867110
COSMOS 2251 DEB
1 33920U 93036DZ  26199.52809409  .00002108  00000+0  42966-3 0  9992
2 33920  74.0580 243.4253 0032378 203.3537 156.6161 14.61319799912932
