NOAA 15
1 25338U 98030A   26215.93037099  .00000091  00000+0  54735-4 0  9994
2 25338  98.5065 235.2722 0009753 201.1729 158.9049 14.27159588468100
NOAA 20 (JPSS-1)
1 43013U 17073A   26215.93193839  .00000055  00000+0  47228-4 0  9996
2 43013  98.7776 154.9724 0001918 101.4264 258.7128 14.19519721451245
NOAA 21 (JPSS-2)
1 54234U 22150A   26215.89343289  .00000027  00000+0  33474-4 0  9993
2 54234  98.7063 153.8818 0002870  70.2965 289.8520 14.19544042193318
TERRA
1 25994U 99068A   26215.96183296  .00000282  00000+0  66299-4 0  9998
2 25994  97.9425 263.6065 0003684  84.3624  14.6790 14.61137646416583
AQUA
1 27424U 02022A   26215.95522156  .00000619  00000+0  13290-3 0  9999
2 27424  98.4318 186.2026 0001605  98.2681 314.7466 14.62155334290258
AURA
1 28376U 04026A   26215.91497940  .00000620  00000+0  13500-3 0  9996
2 28376  98.3447 172.7732 0001593  90.9887 269.1496 14.61394439173182
LANDSAT 8
1 39084U 13008A   26215.88769981  .00000248  00000+0  65087-4 0  9991
2 39084  98.2273 285.4493 0001290  92.5269 267.6077 14.57105988704843
LANDSAT 9
1 49260U 21088A   26215.92214809  .00000252  00000+0  65975-4 0  9995
2 49260  98.2253 285.5149 0001145 102.8076 257.3251 14.57107770257953
SENTINEL-1A
1 39634U 14016A   26215.95599816  .00000031  00000+0  16130-4 0  9993
2 39634  98.1615 222.7661 0001381  84.1042 276.0316 14.59278608656984
SENTINEL-2A
1 40697U 15028A   26215.90701782 -.00000041  00000+0  11739-5 0  9993
2 40697  98.5661 290.0760 0001350  92.1500 267.9837 14.30818850580556
SENTINEL-3A
1 41335U 16011A   26215.90484828  .00000073  00000+0  48356-4 0  9993
2 41335  98.6220 282.5960 0001166  86.3071 273.8242 14.26739064544863
SENTINEL-5P
1 42969U 17064A   26215.85029415  .00000033  00000+0  36509-4 0  9990
2 42969  98.7934 157.6455 0001255  89.6602 270.4718 14.19526199456325
ISS (ZARYA)
1 25544U 98067A   26215.79638706  .00007444  00000+0  14146-3 0  9999
2 25544  51.6316  64.4821 0007224   9.2337 350.8783 15.49332738579132
CSS (TIANHE)
1 48274U 21035A   26215.88909325  .00020511  00000+0  26197-3 0  9992
2 48274  41.4692  32.4131 0001005 278.9657  81.1067 15.58767623300610
HST
1 20580U 90037B   26215.07632950  .00006338  00000+0  19645-3 0  9999
2 20580  28.4731 119.9792 0001799 314.8840  45.1610 15.31251640795763
CYGFM05
1 41884U 16078A   26215.66933008  .00026533  00000+0  33196-3 0  9991
2 41884  34.9571 305.6877 0006235 238.4211 121.5906 15.58766701536160
CYGFM04
1 41885U 16078B   26215.54664724  .00034439  00000+0  34780-3 0  9999
2 41885  34.9314 271.6590 0005011 276.2559  83.7597 15.64253866536419
CYGFM02
1 41886U 16078C   26215.57671435  .00041091  00000+0  35975-3 0  9999
2 41886  34.9394 264.4896 0005553 278.8936  81.1163 15.67766248536603
LEGION 3
1 60452U 24146A   26215.91096002  .00003924  00000+0  21553-3 0  9993
2 60452  45.0006 134.7012 0006517  95.0967 265.0655 15.15785734109260
JASON-3
1 41240U 16002A   26215.92505941 -.00000042  00000+0  78718-4 0  9992
2 41240  66.0423  25.4691 0008113 268.8782  91.1307 12.87629433493399
SENTINEL-6A
1 46984U 20086A   26215.94602553 -.00000065  00000+0 -16403-4 0  9997
2 46984  66.0415  35.8549 0007758 269.3007  90.7119 12.80930483266440
SWOT
1 54754U 22173A   26215.86258737  .00000101  00000+0  70051-4 0  9990
2 54754  77.6127 330.9500 0000107  71.4670 288.6493 14.00170763185823
SWARM B
1 39451U 13067A   26215.92033450  .00003194  00000+0  11279-3 0  9990
2 39451  87.7476 327.8216 0002381 100.2616 259.8902 15.28839184690539
SWARM A
1 39452U 13067B   26215.96585157  .00009483  00000+0  16808-3 0  9991
2 39452  87.3303  38.4768 0003005  85.1313 275.0291 15.50083316713654
TIMED
1 26998U 01055B   26215.84379957  .00001100  00000+0  10314-3 0  9996
2 26998  74.0683 139.0581 0002477 278.7608  81.3296 14.95387155337942
CRYOSAT 2
1 36508U 10013A   26215.91210207  .00000153  00000+0  37231-4 0  9993
2 36508  92.0342 288.9025 0002716  95.5991 264.5526 14.51902631865003
RESURS-DK 1
1 29228U 06021A   26215.95746809  .00001782  00000+0  10567-3 0  9995
2 29228  69.9305 215.8765 0007561 252.5698 107.4642 15.13387922109800
IRIDIUM 33
1 24946U 97051C   26215.77351328  .00000218  00000+0  69324-4 0  9997
2 24946  86.3913 329.9861 0008618 156.3888 203.7706 14.35166196511911
IRIDIUM 33 DEB
1 33773U 97051L   26215.80640606  .00000676  00000+0  19308-3 0  9993
2 33773  86.4044 321.3848 0013400  98.8513 261.4206 14.43720187917243
IRIDIUM 33 DEB
1 33775U 97051N   26215.51199617  .00001067  00000+0  31823-3 0  9995
2 33775  86.3650 309.7134 0015269 109.8950 261.5260 14.42132386915097
IRIDIUM 33 DEB
1 33776U 97051P   26215.82859381  .00000599  00000+0  18913-3 0  9995
2 33776  86.4079 342.4348 0015850 142.9545 330.6109 14.38594796914472
IRIDIUM 33 DEB
1 33777U 97051Q   26215.70410897  .00002761  00000+0  60759-3 0  9996
2 33777  86.3776 293.3139 0007149 169.0632 191.0733 14.57151145919393
IRIDIUM 33 DEB
1 33850U 97051T   26215.99019214  .00000817  00000+0  23903-3 0  9997
2 33850  86.3403 289.4154 0014066 113.3092  60.0786 14.42771980915290
IRIDIUM 33 DEB
1 33860U 97051AD  26215.45518413  .00004506  00000+0  73579-3 0  9997
2 33860  86.3799 283.4719 0006313 237.2999 135.0234 14.70703117921542
IRIDIUM 33 DEB
1 33862U 97051AF  26215.97103034  .00002666  00000+0  39607-3 0  9994
2 33862  86.4078 293.8148 0045929 337.8057 195.6236 14.73911363922692
IRIDIUM 33 DEB
1 33866U 97051AK  26215.82146395  .00003629  00000+0  13948-2 0  9998
2 33866  86.3043 353.8894 0114815 128.8940 356.1579 14.26611845901468
IRIDIUM 33 DEB
1 33953U 97051BN  26215.28853084  .00002481  00000+0  54174-3 0  9997
2 33953  86.3869 312.2539 0017101  40.6661  13.2729 14.57394025917037
IRIDIUM 33 DEB
1 33960U 97051BV  26215.41262405  .00014964  00000+0  13566-2 0  9999
2 33960  86.2582 178.3371 0003684  67.1212  58.1457 14.95244730923490
IRIDIUM 33 DEB
1 34071U 97051CE  26215.93721992  .00001284  00000+0  32292-3 0  9990
2 34071  86.3422 275.9407 0009198  59.4843 300.7269 14.50510460917286
IRIDIUM 33 DEB
1 34077U 97051CL  26215.33767708  .00006094  00000+0  10454-2 0  9994
2 34077  86.3859 308.2704 0006501 305.6881 125.3680 14.68586926917578
IRIDIUM 33 DEB
1 34079U 97051CN  26215.12586052  .00011072  00000+0  11251-2 0  9992
2 34079  86.3702 261.7914 0005422 203.4412 213.3154 14.90702469924477
IRIDIUM 33 DEB
1 34088U 97051CX  26215.66042868  .00036881  00000+0  24429-2 0  9999
2 34088  86.3712 281.7743 0005058  92.7712  26.8338 15.07142364922477
IRIDIUM 33 DEB
1 34521U 97051HN  26215.94055485  .00003924  00000+0  70912-3 0  9992
2 34521  86.3767 287.1781 0004412 152.7841 207.3605 14.66202408919013
COSMOS 2251 DEB
1 33757U 93036E   26215.83194538  .00000029  00000+0  20288-4 0  9997
2 33757  74.0350 256.2503 0015473 220.7616 253.8056 14.32632347913482
COSMOS 2251 DEB
1 33758U 93036F   26215.87843088  .00002181  00000+0  53388-3 0  9990
2 33758  74.0279 133.4139 0016192 151.2765 283.1936 14.53042897917043
COSMOS 2251 DEB
1 33760U 93036H   26215.41944792  .00000139  00000+0  57048-4 0  9996
2 33760  74.0296 212.5388 0021739 258.5562 252.2604 14.35799389914781
COSMOS 2251 DEB
1 33761U 93036J   26215.31824334  .00000855  00000+0  26184-3 0  9996
2 33761  74.0352 178.5507 0023683 209.0292 302.4535 14.43126616916037
COSMOS 2251 DEB
1 33762U 93036K   26215.83924531  .00000023  00000+0  17767-4 0  9999
2 33762  74.0391 242.0190 0016402 252.3952 282.9522 14.33726351914027
COSMOS 2251 DEB
1 33764U 93036M   26215.65305646  .00000631  00000+0  20847-3 0  9998
2 33764  74.0317 200.5547 0020472 109.0789  14.1654 14.39928627915231
COSMOS 2251 DEB
1 33765U 93036N   26215.90095978  .00055118  00000+0  19896-2 0  9992
2 33765  73.9993  42.2525 0048010  74.3140 286.3350 15.27124494931737
COSMOS 2251 DEB
1 33766U 93036P   26215.92476055  .00000894  00000+0  31169-3 0  9993
2 33766  74.1850  69.4438 0063419 206.2543 153.5393 14.35608557911050
COSMOS 2251 DEB
1 33768U 93036R   26215.42600788  .00000189  00000+0  18712-3 0  9998
2 33768  74.0672 202.6257 0368021 308.4609 206.9063 13.58632876864697
COSMOS 2251 DEB
1 33779U 93036U   26215.67113944  .00010171  00000+0  14909-2 0  9995
2 33779  74.0428  74.9944 0014997  59.7210 357.5398 14.75594365919735
COSMOS 2251 DEB
1 33819U 93036BL  26215.83569609  .00001343  00000+0  47819-3 0  9999
2 33819  74.1795 146.1082 0089540 300.8270  82.6858 14.32993488908484
COSMOS 2251 DEB
1 33821U 93036BN  26215.81529157  .00036530  00000+0  84568-3 0  9992
2 33821  74.0256   1.5772 0034277 331.9581  27.9779 15.41654503785890
COSMOS 2251 DEB
1 33822U 93036BP  26215.88214512  .00001279  00000+0  61126-3 0  9993
2 33822  74.0680 139.8298 0150635 129.9345 297.0588 14.14299703893636
COSMOS 2251 DEB
1 33823U 93036BQ  26215.15122380  .00000846  00000+0  49692-3 0  9998
2 33823  73.8090 100.0676 0207930 184.7492 330.7930 13.99430512888741
COSMOS 2251 DEB
1 33825U 93036BS  26215.95121471  .00005243  00000+0  77833-3 0  9992
2 33825  73.9826 290.8450 0076482 202.6704 332.3052 14.73298985923259
COSMOS 2251 DEB
1 33826U 93036BT  26215.79610655  .00001424  00000+0  32547-3 0  9992
2 33826  74.0645 328.7480 0083573 315.7345 207.1477 14.54583899911696
COSMOS 2251 DEB
1 33828U 93036BV  26215.60924392  .00000934  00000+0  27423-3 0  9992
2 33828  74.0461 162.9337 0028927 182.8739 351.4926 14.44964624916904
COSMOS 2251 DEB
1 33830U 93036BX  26215.83606686  .00003655  00000+0  48657-3 0  9998
2 33830  74.0311 130.3068 0042261 193.7462 229.0303 14.79451526929310
COSMOS 2251 DEB
1 33832U 93036BZ  26215.80548625  .00003951  00000+0  76614-3 0  9998
2 33832  74.0541 122.2191 0021919  99.2298 317.5724 14.63437630918465
COSMOS 2251 DEB
1 33835U 93036CC  26215.80952012  .00002098  00000+0  39586-3 0  9998
2 33835  74.0571  12.5984 0054908   5.0389 115.0404 14.64179826922138
COSMOS 2251 DEB
1 33836U 93036CD  26215.59604948  .00008311  00000+0  10051-2 0  9996
2 33836  73.9962 155.8515 0024321 300.5194 234.5605 14.83630552675522
COSMOS 2251 DEB
1 33837U 93036CE  26215.71773283  .00000765  00000+0  19866-3 0  9999
2 33837  74.0139 334.9117 0033321 140.1060 220.2559 14.51139323921898
COSMOS 2251 DEB
1 33838U 93036CF  26215.89767197  .00000826  00000+0  22424-3 0  9998
2 33838  74.0357  71.0440 0026299 135.3330 237.9526 14.48971877919600
COSMOS 2251 DEB
1 33839U 93036CG  26215.81585177  .00000703  00000+0  13062-3 0  9999
2 33839  74.0392 116.4513 0083704 170.0967 252.4418 14.64994778930070
COSMOS 2251 DEB
1 33911U 93036DQ  26215.71935726  .00008737  00000+0  11434-2 0  9993
2 33911  74.0885  63.9249 0009995 290.6522 188.8035 14.80491463921018
COSMOS 2251 DEB
1 33912U 93036DR  26215.94715807  .00001815  00000+0  44443-3 0  9992
2 33912  74.0337 107.9993 0010668 136.8322 236.0055 14.53191494918345
COSMOS 2251 DEB
1 33913U 93036DS  26215.97070176  .00001076  00000+0  28521-3 0  9997
2 33913  74.0333 104.4532 0047103 150.4352 222.4498 14.49323697918507
COSMOS 2251 DEB
1 33914U 93036DT  26215.84019895  .00000221  00000+0  19042-3 0  9994
2 33914  74.0914 349.1606 0303693  37.5448  77.3772 13.72261672872929
COSMOS 2251 DEB
1 33915U 93036DU  26215.75614551  .00000618  00000+0  20961-3 0  9997
2 33915  74.0442 324.9913 0106324 359.3585 162.2465 14.35664703911151
COSMOS 2251 DEB
1 33916U 93036DV  26215.85229377  .00000338  00000+0  28770-3 0  9992
2 33916  74.0518  15.8629 0323947 135.7464 300.0271 13.68801096870941
COSMOS 2251 DEB
1 33917U 93036DW  26215.94684451  .00000490  00000+0  39245-3 0  9999
2 33917  74.1047  98.1476 0333597 143.7626 218.6601 13.69933660869409
COSMOS 2251 DEB
1 33920U 93036DZ  26215.27310812  .00004617  00000+0  93062-3 0  9998
2 33920  74.0578 213.3548 0031833 169.8548 190.3268 14.61460440915234
