NOAA 15
1 25338U 98030A   26198.68345183  .00000027  00000+0  28443-4 0  9998
2 25338  98.5064 218.4916 0009024 256.5312 103.4863 14.27154776465649
NOAA 20 (JPSS-1)
1 43013U 17073A   26198.66285300  .00000021  00000+0  31056-4 0  9996
2 43013  98.7772 137.8556 0001479 121.8101 238.3219 14.19516723448792
NOAA 21 (JPSS-2)
1 54234U 22150A   26198.69511061  .00000009  00000+0  24869-4 0  9994
2 54234  98.7059 136.9720 0002860 100.2799 259.8699 14.19541284190872
TERRA
1 25994U 99068A   26198.70576780  .00000157  00000+0  40985-4 0  9999
2 25994  97.9440 247.0394 0003505 117.7508 347.4287 14.61124752414068
AQUA
1 27424U 02022A   26198.71957919  .00000324  00000+0  74315-4 0  9991
2 27424  98.4298 168.6167 0001235 101.5244   1.6009 14.62130477287732
AURA
1 28376U 04026A   26198.66081455  .00000332  00000+0  76838-4 0  9992
2 28376  98.3431 155.3700 0001352  93.5862 266.5493 14.61369692170663
LANDSAT 8
1 39084U 13008A   26198.65151747  .00000096  00000+0  31301-4 0  9994
2 39084  98.2289 268.4228 0001361  91.4031 268.7323 14.57095085702335
LANDSAT 9
1 49260U 21088A   26198.20529164  .00000154  00000+0  44380-4 0  9997
2 49260  98.2269 268.0173 0001118  89.7332 270.3994 14.57096328255370
SENTINEL-1A
1 39634U 14016A   26198.60748559  .00000020  00000+0  14006-4 0  9993
2 39634  98.1738 205.6947 0001511  77.7211 282.4158 14.59175806654459
SENTINEL-2A
1 40697U 15028A   26198.70421292  .00000040  00000+0  31900-4 0  9995
2 40697  98.5677 273.1211 0001302  93.9309 266.2023 14.30814845578094
SENTINEL-3A
1 41335U 16011A   26198.65291667  .00000041  00000+0  35147-4 0  9991
2 41335  98.6236 265.5967 0001338  89.5014 270.6319 14.26740203542406
SENTINEL-5P
1 42969U 17064A   26198.58129500  .00000006  00000+0  23909-4 0  9996
2 42969  98.7929 140.4976 0001168  93.9787 266.1523 14.19523419453877
ISS (ZARYA)
1 25544U 98067A   26198.57280181  .00003563  00000+0  72724-4 0  9990
2 25544  51.6316 149.7201 0006795 306.9083  53.1282 15.49033131576463
CSS (TIANHE)
1 48274U 21035A   26198.52240887  .00001129  00000+0  18813-4 0  9995
2 48274  41.4691 137.7269 0001921 301.5742  58.4908 15.58143309297902
HST
1 20580U 90037B   26198.45581848  .00003068  00000+0  91867-4 0  9994
2 20580  28.4720 233.6461 0002182 125.5057 234.5742 15.31074052793210
CYGFM05
1 41884U 16078A   26198.69285439  .00014451  00000+0  18724-3 0  9998
2 41884  34.9568  58.3824 0005560  63.5759 296.5536 15.57932383533512
CYGFM04
1 41885U 16078B   26198.69246260  .00019985  00000+0  21121-3 0  9990
2 41885  34.9327  24.4791 0004119 114.5809 245.5347 15.63185212533775
CYGFM02
1 41886U 16078C   26198.69553080  .00023836  00000+0  22056-3 0  9990
2 41886  34.9409  18.0555 0004885 117.1561 242.9665 15.66488553533959
LEGION 3
1 60452U 24146A   26198.57746405  .00001125  00000+0  71794-4 0  9998
2 60452  45.0016 227.6193 0007984 346.9985  13.0687 15.15662602106632
JASON-3
1 41240U 16002A   26198.68236726 -.00000036  00000+0  10350-3 0  9997
2 41240  66.0416  61.7231 0008156 270.6685  89.3399 12.87628771491172
SENTINEL-6A
1 46984U 20086A   26198.37894563 -.00000044  00000+0  75776-4 0  9992
2 46984  66.0412  72.3448 0007778 269.7224  90.2900 12.80930187264192
SWOT
1 54754U 22173A   26198.71356255 -.00000040  00000+0 -25561-4 0  9998
2 54754  77.6113 354.0982 0000235  68.2781 291.8395 14.00172455183429
SWARM B
1 39451U 13067A   26198.70508417  .00001863  00000+0  65451-4 0  9999
2 39451  87.7463 333.0462 0002247  85.0682 275.0824 15.28726361687903
SWARM A
1 39452U 13067B   26198.66854757  .00005677  00000+0  95413-4 0  9994
2 39452  87.3296  44.9058 0003335  92.5958 267.5685 15.51487379710975
TIMED
1 26998U 01055B   26198.65005738  .00000516  00000+0  50358-4 0  9991
2 26998  74.0666 173.6789 0002287 298.3729  61.7225 14.95347210335375
CRYOSAT 2
1 36508U 10013A   26198.68207161  .00000096  00000+0  23181-4 0  9997
2 36508  92.0358 284.7151 0002424  98.8469 261.3013 14.51898917862505
RESURS-DK 1
1 29228U 06021A   26198.57387977  .00000854  00000+0  53922-4 0  9992
2 29228  69.9305 260.8870 0007239 268.3876  91.6461 15.13323561107172
IRIDIUM 33
1 24946U 97051C   26198.41256730  .00000123  00000+0  36072-4 0  9998
2 24946  86.3897 337.2686 0006479 213.9266 146.1517 14.35159643509424
IRIDIUM 33 DEB
1 33773U 97051L   26198.61742712  .00000410  00000+0  11475-3 0  9996
2 33773  86.4035 328.6678 0012407 147.0480 213.1497 14.43693731914764
IRIDIUM 33 DEB
1 33775U 97051N   26198.30754939  .00000671  00000+0  19801-3 0  9998
2 33775  86.3649 317.0622 0014116 158.6290 230.9362 14.42094545912610
IRIDIUM 33 DEB
1 33776U 97051P   26198.42267647  .00000348  00000+0  10711-3 0  9999
2 33776  86.4060 349.7438 0013769 198.0205 189.2509 14.38572834911977
IRIDIUM 33 DEB
1 33777U 97051Q   26198.53562751  .00001725  00000+0  37874-3 0  9995
2 33777  86.3791 300.7971 0005094 232.4912 127.5834 14.57048744916898
IRIDIUM 33 DEB
1 33850U 97051T   26198.27485646  .00000548  00000+0  15844-3 0  9990
2 33850  86.3416 297.0392 0012529 164.6749 215.1857 14.42743678912745
IRIDIUM 33 DEB
1 33860U 97051AD  26198.51278840  .00002630  00000+0  42950-3 0  9996
2 33860  86.3816 291.0119 0005809 320.0012  54.0557 14.70540662919052
IRIDIUM 33 DEB
1 33862U 97051AF  26198.72447036  .00002049  00000+0  30358-3 0  9999
2 33862  86.4093 301.4714 0048624  38.3414 126.7663 14.73803702920154
IRIDIUM 33 DEB
1 33866U 97051AK  26198.68535285  .00001897  00000+0  72923-3 0  9996
2 33866  86.3021   1.1511 0113140 183.3283 193.3558 14.26485551899028
IRIDIUM 33 DEB
1 33953U 97051BN  26198.32435983  .00001487  00000+0  32324-3 0  9994
2 33953  86.3868 319.6349 0018463  91.8902 297.9248 14.57301665914564
IRIDIUM 33 DEB
1 33960U 97051BV  26198.41645595  .00006405  00000+0  58614-3 0  9999
2 33960  86.2569 186.4631 0004585  77.4349  75.0047 14.94809696920958
IRIDIUM 33 DEB
1 34071U 97051CE  26198.20764087  .00000868  00000+0  21665-3 0  9991
2 34071  86.3439 283.6611 0009928 105.3843 254.8459 14.50460998914714
IRIDIUM 33 DEB
1 34077U 97051CL  26198.29419899  .00003440  00000+0  59119-3 0  9998
2 34077  86.3865 315.8199 0008406  17.6452  11.7122 14.68373634915079
IRIDIUM 33 DEB
1 34079U 97051CN  26198.46911507  .00006629  00000+0  67932-3 0  9996
2 34079  86.3717 269.4594 0003353 286.0491  92.9972 14.90327740921995
IRIDIUM 33 DEB
1 34088U 97051CX  26198.50408625  .00016354  00000+0  11177-2 0  9998
2 34088  86.3765 289.8662 0005892 148.0136 225.1814 15.06040504919892
IRIDIUM 33 DEB
1 34521U 97051HN  26198.67296574  .00002341  00000+0  42295-3 0  9993
2 34521  86.3789 294.8147 0002237 201.2228 158.8892 14.66057129916484
COSMOS 2251 DEB
1 33757U 93036E   26198.21780061  .00000039  00000+0  24025-4 0  9995
2 33757  74.0375 288.4076 0015822 254.8800 131.6484 14.32629845910969
COSMOS 2251 DEB
1 33758U 93036F   26198.68522220  .00001183  00000+0  29323-3 0  9994
2 33758  74.0263 165.8697 0016645 189.8624 347.0787 14.52960906914543
COSMOS 2251 DEB
1 33760U 93036H   26198.55792079  .00000081  00000+0  36987-4 0  9995
2 33760  74.0303 243.4921 0021640 291.8247 219.0303 14.35793496912369
COSMOS 2251 DEB
1 33761U 93036J   26198.47448528  .00000470  00000+0  14770-3 0  9991
2 33761  74.0336 209.8304 0024192 243.5518 276.7048 14.43095461913607
COSMOS 2251 DEB
1 33762U 93036K   26198.22753691  .00000027  00000+0  19096-4 0  9990
2 33762  74.0415 274.2206 0016377 286.4071 104.1707 14.33724039911501
COSMOS 2251 DEB
1 33764U 93036M   26198.48177380  .00000313  00000+0  10772-3 0  9994
2 33764  74.0315 232.2844 0020898 146.4222 281.9279 14.39907082912764
COSMOS 2251 DEB
1 33765U 93036N   26198.13574785  .00019127  00000+0  72913-3 0  9995
2 33765  73.9995  79.9292 0052167 117.5803 243.0710 15.25353026929023
COSMOS 2251 DEB
1 33766U 93036P   26198.15475579  .00000518  00000+0  18418-3 0  9993
2 33766  74.1859 101.7488 0064017 243.5685 115.8891 14.35575234908505
COSMOS 2251 DEB
1 33768U 93036R   26198.56443382  .00000041  00000+0  55958-4 0  9999
2 33768  74.0665 229.8506 0367794 339.3913 175.9008 13.58625383862400
COSMOS 2251 DEB
1 33779U 93036U   26198.71383237  .00006265  00000+0  92881-3 0  9999
2 33779  74.0437 108.1402 0014292  96.3156 290.1916 14.75229636917235
COSMOS 2251 DEB
1 33819U 93036BL  26198.40741501  .00000871  00000+0  31386-3 0  9992
2 33819  74.1778 177.6695 0089557 336.8714 176.2836 14.32936918905987
COSMOS 2251 DEB
1 33821U 93036BN  26198.54641066  .00018771  00000+0  45500-3 0  9996
2 33821  74.0236  38.9827 0032643  15.5796 344.6408 15.40451493783237
COSMOS 2251 DEB
1 33822U 93036BP  26198.35644438  .00001047  00000+0  50341-3 0  9999
2 33822  74.0673 170.8293 0150732 165.6783 346.4840 14.14249702891158
COSMOS 2251 DEB
1 33823U 93036BQ  26198.28226090  .00000478  00000+0  28751-3 0  9999
2 33823  73.8097 129.6538 0208532 217.4169 306.4660 13.99404770886381
COSMOS 2251 DEB
1 33825U 93036BS  26198.60464765  .00002059  00000+0  31024-3 0  9994
2 33825  73.9839 324.7611 0077061 240.0414 134.9181 14.73124461920700
COSMOS 2251 DEB
1 33826U 93036BT  26198.71083171  .00000733  00000+0  17097-3 0  9996
2 33826  74.0637   1.0165 0083063 352.8718  21.0229 14.54544030909215
COSMOS 2251 DEB
1 33828U 93036BV  26198.71664005  .00000451  00000+0  13657-3 0  9994
2 33828  74.0444 194.3763 0029599 218.5750 319.2826 14.44933445914460
COSMOS 2251 DEB
1 33830U 93036BX  26198.60303330  .00001902  00000+0  25636-3 0  9998
2 33830  74.0307 164.2268 0042955 232.0823 249.8537 14.79317714926766
COSMOS 2251 DEB
1 33832U 93036BZ  26198.58970229  .00002308  00000+0  45160-3 0  9999
2 33832  74.0540 155.2075 0021758 138.1437 341.7463 14.63288063915943
COSMOS 2251 DEB
1 33835U 93036CC  26198.57403968  .00001567  00000+0  29796-3 0  9995
2 33835  74.0550  45.6678 0054501  42.9890 348.2817 14.64093885919615
COSMOS 2251 DEB
1 33836U 93036CD  26198.46395426  .00003622  00000+0  44361-3 0  9992
2 33836  73.9944 189.8646 0024370 337.7585 180.5496 14.83370939672989
COSMOS 2251 DEB
1 33837U 93036CE  26198.48265507  .00000364  00000+0  98337-4 0  9994
2 33837  74.0122   7.3814 0034062 176.9735 183.1639 14.51111363919396
COSMOS 2251 DEB
1 33838U 93036CF  26198.18165700  .00000480  00000+0  13338-3 0  9992
2 33838  74.0369 104.2543 0026806 173.8634 346.0806 14.48939928917033
COSMOS 2251 DEB
1 33839U 93036CG  26198.35227860  .00000336  00000+0  65642-4 0  9994
2 33839  74.0388 150.0350 0084490 208.1191 310.7892 14.64968839927511
COSMOS 2251 DEB
1 33911U 93036DQ  26198.41912213  .00004391  00000+0  58109-3 0  9999
2 33911  74.0891  97.9115 0010075 327.0683 153.9285 14.80216777918455
COSMOS 2251 DEB
1 33912U 93036DR  26198.54997891  .00001034  00000+0  25662-3 0  9998
2 33912  74.0335 140.8360 0011034 176.9064 302.2265 14.53121907915813
COSMOS 2251 DEB
1 33913U 93036DS  26198.25731196  .00000649  00000+0  17493-3 0  9995
2 33913  74.0335 137.6815 0047669 188.5301 322.5868 14.49282589915935
COSMOS 2251 DEB
1 33914U 93036DT  26198.47275264  .00000178  00000+0  15582-3 0  9993
2 33914  74.0897  17.7981 0303562  70.3028 319.9706 13.72250226870548
COSMOS 2251 DEB
1 33915U 93036DU  26198.44958250  .00000399  00000+0  13837-3 0  9990
2 33915  74.0429 356.7375 0105862  35.6070 355.6298 14.35641391908673
COSMOS 2251 DEB
1 33916U 93036DV  26198.52100331  .00000235  00000+0  20609-3 0  9993
2 33916  74.0506  44.3491 0324203 168.0723 217.3650 13.68786421868576
COSMOS 2251 DEB
1 33917U 93036DW  26198.49358204  .00000203  00000+0  17268-3 0  9996
2 33917  74.1055 126.7948 0334097 176.5728 183.7798 13.69919874867018
COSMOS 2251 DEB
1 33920U 93036DZ  26198.56965775  .00002068  00000+0  42162-3 0  9997
2 33920  74.0578 245.2549 0032405 205.4469 154.5104 14.61314973912792
