NOAA 15
1 25338U 98030A   26214.87873104  .00000097  00000+0  57235-4 0  9995
2 25338  98.5065 234.2490 0009685 204.4049 155.6675 14.27159309467958
NOAA 20 (JPSS-1)
1 43013U 17073A   26214.87464858  .00000049  00000+0  43970-4 0  9993
2 43013  98.7776 153.9244 0001886 102.4633 257.6755 14.19519512451091
NOAA 21 (JPSS-2)
1 54234U 22150A   26214.90664491  .00000031  00000+0  35526-4 0  9990
2 54234  98.7062 152.9115 0002877  71.9348 288.2142 14.19543893193177
TERRA
1 25994U 99068A   26214.93531485  .00000326  00000+0  75347-4 0  9994
2 25994  97.9426 262.6210 0003690  86.2423  16.4452 14.61137065416434
AQUA
1 27424U 02022A   26214.92271154  .00000654  00000+0  13976-3 0  9994
2 27424  98.4317 185.1489 0001581  98.6996 282.6424 14.62154040290108
AURA
1 28376U 04026A   26214.88795448  .00000673  00000+0  14571-3 0  9992
2 28376  98.3446 171.7371 0001572  91.1979 268.9401 14.61393207173030
LANDSAT 8
1 39084U 13008A   26214.92632268  .00000276  00000+0  71434-4 0  9996
2 39084  98.2275 284.4997 0001283  92.6899 267.4447 14.57105500704709
LANDSAT 9
1 49260U 21088A   26214.75476289  .00000284  00000+0  73163-4 0  9990
2 49260  98.2255 284.3621 0001113 102.5162 257.6161 14.57107130257789
SENTINEL-1A
1 39634U 14016A   26214.99605067 -.00000030  00000+0  32026-5 0  9995
2 39634  98.1613 221.8220 0001386  83.4142 276.7216 14.59278093656840
SENTINEL-2A
1 40697U 15028A   26214.92799807 -.00000206  00000+0 -61924-4 0  9993
2 40697  98.5665 289.1111 0001342  92.6789 267.4548 14.30818126580419
SENTINEL-3A
1 41335U 16011A   26214.92303146  .00000085  00000+0  52954-4 0  9999
2 41335  98.6222 281.6287 0001165  86.4002 273.7311 14.26738877544723
SENTINEL-5P
1 42969U 17064A   26214.79300960  .00000043  00000+0  41405-4 0  9991
2 42969  98.7933 156.5955 0001266  90.0049 270.1272 14.19526023456171
ISS (ZARYA)
1 25544U 98067A   26214.50635181  .00006342  00000+0  12183-3 0  9996
2 25544  51.6315  70.8679 0007172   4.7554 355.3502 15.49313226578933
CSS (TIANHE)
1 48274U 21035A   26214.92803459  .00020658  00000+0  26419-3 0  9996
2 48274  41.4689  38.2441 0001026 282.3063  77.7660 15.58729023300462
HST
1 20580U 90037B   26214.88080596  .00006200  00000+0  19202-3 0  9997
2 20580  28.4728 121.3164 0001781 311.8741  48.1703 15.31249322795734
CYGFM05
1 41884U 16078A   26214.64460490  .00022187  00000+0  27844-3 0  9992
2 41884  34.9574 312.4943 0006217 229.3214 130.6971 15.58711461536004
CYGFM04
1 41885U 16078B   26214.58934196  .00033121  00000+0  33537-3 0  9991
2 41885  34.9315 278.0723 0005043 268.3426  91.6722 15.64192725536266
CYGFM02
1 41886U 16078C   26214.55787520  .00031911  00000+0  28072-3 0  9999
2 41886  34.9395 271.3507 0005623 270.3900  89.6183 15.67685147536441
LEGION 3
1 60452U 24146A   26214.92240065  .00004209  00000+0  23022-3 0  9993
2 60452  45.0005 140.0010 0006532  88.1876 271.9750 15.15778230109115
JASON-3
1 41240U 16002A   26214.91535240 -.00000048  00000+0  55825-4 0  9995
2 41240  66.0421  27.5921 0008104 268.9812  91.0278 12.87629384493268
SENTINEL-6A
1 46984U 20086A   26214.93103885 -.00000069  00000+0 -32750-4 0  9996
2 46984  66.0414  37.9633 0007764 269.3812  90.6314 12.80930425266315
SWOT
1 54754U 22173A   26214.86222808  .00000111  00000+0  77169-4 0  9997
2 54754  77.6127 332.3002 0000114  72.4534 287.6630 14.00170666185682
SWARM B
1 39451U 13067A   26214.87305706  .00003389  00000+0  11981-3 0  9995
2 39451  87.7477 328.1394 0002347 100.0984 260.0530 15.28833129690375
SWARM A
1 39452U 13067B   26214.93291189  .00009740  00000+0  17276-3 0  9992
2 39452  87.3300  38.8603 0003018  85.2941 274.8664 15.50064800713495
TIMED
1 26998U 01055B   26214.84028753  .00001176  00000+0  11007-3 0  9993
2 26998  74.0682 141.0786 0002481 279.9252  80.1652 14.95384944337793
CRYOSAT 2
1 36508U 10013A   26214.87830155  .00000170  00000+0  41553-4 0  9998
2 36508  92.0343 288.6513 0002696  95.9346 264.2169 14.51902392864854
RESURS-DK 1
1 29228U 06021A   26214.43726249  .00001698  00000+0  10102-3 0  9994
2 29228  69.9304 219.8125 0007621 253.9434 106.0893 15.13381098109578
IRIDIUM 33
1 24946U 97051C   26214.79739801  .00000213  00000+0  67581-4 0  9992
2 24946  86.3912 330.3955 0008489 159.2568 200.8975 14.35165773511773
IRIDIUM 33 DEB
1 33773U 97051L   26214.76676028  .00000751  00000+0  21489-3 0  9991
2 33773  86.4044 321.8253 0013389 101.6808 258.5897 14.43718929917091
IRIDIUM 33 DEB
1 33775U 97051N   26214.77161087  .00001073  00000+0  31992-3 0  9996
2 33775  86.3650 310.0296 0015264 111.9081  18.1201 14.42130805914987
IRIDIUM 33 DEB
1 33776U 97051P   26214.79510932  .00000664  00000+0  21042-3 0  9996
2 33776  86.4079 342.8687 0015744 146.0414  18.5660 14.38593722914320
IRIDIUM 33 DEB
1 33777U 97051Q   26214.94872204  .00003036  00000+0  66866-3 0  9996
2 33777  86.3778 293.6433 0007047 171.3004 188.8328 14.57147741919280
IRIDIUM 33 DEB
1 33850U 97051T   26214.94993615  .00000877  00000+0  25709-3 0  9999
2 33850  86.3405 289.8632 0014013 116.2162  57.5447 14.42770347915144
IRIDIUM 33 DEB
1 33860U 97051AD  26214.94133637  .00005042  00000+0  82386-3 0  9993
2 33860  86.3800 283.7007 0006238 239.6188 293.9043 14.70699923921462
IRIDIUM 33 DEB
1 33862U 97051AF  26214.73925524  .00002869  00000+0  42655-3 0  9995
2 33862  86.4081 294.3618 0046110 342.2145 139.6149 14.73905404922516
IRIDIUM 33 DEB
1 33866U 97051AK  26214.84468346  .00003960  00000+0  15227-2 0  9992
2 33866  86.3043 354.3032 0114767 131.9671  19.6895 14.26605156901325
IRIDIUM 33 DEB
1 33953U 97051BN  26214.75818895  .00002543  00000+0  55530-3 0  9995
2 33953  86.3871 312.4847 0017183  42.3484 110.8854 14.57391247916952
IRIDIUM 33 DEB
1 33960U 97051BV  26214.67587101  .00012139  00000+0  11010-2 0  9993
2 33960  86.2581 178.6894 0003759  66.9266  55.1609 14.95220819923387
IRIDIUM 33 DEB
1 34071U 97051CE  26214.90243768  .00001412  00000+0  35570-3 0  9991
2 34071  86.3424 276.3914 0009289  62.2254 297.9892 14.50508184917138
IRIDIUM 33 DEB
1 34077U 97051CL  26214.80249593  .00006602  00000+0  11330-2 0  9991
2 34077  86.3860 308.5075 0006518 308.3148 175.1370 14.68581565917492
IRIDIUM 33 DEB
1 34079U 97051CN  26214.87943249  .00012739  00000+0  12948-2 0  9993
2 34079  86.3702 261.9049 0005393 204.3589 330.8176 14.90699147924433
IRIDIUM 33 DEB
1 34088U 97051CX  26214.94022678  .00040255  00000+0  26688-2 0  9995
2 34088  86.3711 282.1147 0005092  95.1325  79.5719 15.07094043922360
IRIDIUM 33 DEB
1 34521U 97051HN  26214.71208965  .00004335  00000+0  78407-3 0  9993
2 34521  86.3770 287.7216 0004269 155.7297 204.4118 14.66193643918830
COSMOS 2251 DEB
1 33757U 93036E   26214.50647082  .00000040  00000+0  24327-4 0  9998
2 33757  74.0352 258.6703 0015512 223.3676 257.8359 14.32632204913292
COSMOS 2251 DEB
1 33758U 93036F   26214.84239519  .00002410  00000+0  58922-3 0  9998
2 33758  74.0280 135.3698 0016202 153.6447 263.5905 14.53038799916897
COSMOS 2251 DEB
1 33760U 93036H   26214.71576714  .00000145  00000+0  59004-4 0  9994
2 33760  74.0296 213.8305 0021739 259.9569 215.0815 14.35799180914685
COSMOS 2251 DEB
1 33761U 93036J   26214.34757803  .00000861  00000+0  26356-3 0  9992
2 33761  74.0351 180.3533 0023720 211.0563 299.6150 14.43124748915899
COSMOS 2251 DEB
1 33762U 93036K   26214.50138100  .00000033  00000+0  21249-4 0  9992
2 33762  74.0393 244.4654 0016427 254.9750 217.8711 14.33726174913839
COSMOS 2251 DEB
1 33764U 93036M   26214.67891615  .00000615  00000+0  20353-3 0  9999
2 33764  74.0316 202.3547 0020484 111.2230   4.3672 14.39927228915090
COSMOS 2251 DEB
1 33765U 93036N   26214.78722061  .00056555  00000+0  20501-2 0  9998
2 33765  73.9991  44.6178 0048199  76.9723 283.6853 15.26973127931561
COSMOS 2251 DEB
1 33766U 93036P   26214.94916274  .00000964  00000+0  33546-3 0  9995
2 33766  74.1850  71.2176 0063448 208.3047 151.4654 14.35607046910917
COSMOS 2251 DEB
1 33768U 93036R   26214.95567942  .00000207  00000+0  20274-3 0  9996
2 33768  74.0671 203.3851 0368033 309.3218  66.4959 13.58632776864639
COSMOS 2251 DEB
1 33779U 93036U   26214.72419999  .00010115  00000+0  14834-2 0  9994
2 33779  74.0426  76.8460 0014980  61.6891   7.4309 14.75577146919591
COSMOS 2251 DEB
1 33819U 93036BL  26214.25473428  .00001435  00000+0  51044-3 0  9994
2 33819  74.1795 148.9714 0089587 304.0951 206.9020 14.32988692908257
COSMOS 2251 DEB
1 33821U 93036BN  26214.77696336  .00031356  00000+0  72879-3 0  9993
2 33821  74.0256   3.8281 0034160 334.4763  25.4757 15.41568074785730
COSMOS 2251 DEB
1 33822U 93036BP  26214.81432403  .00001358  00000+0  64868-3 0  9990
2 33822  74.0680 141.7186 0150608 132.1117 260.2434 14.14296949893481
COSMOS 2251 DEB
1 33823U 93036BQ  26214.15169632  .00000830  00000+0  48788-3 0  9996
2 33823  73.8091 101.8208 0207952 186.6854 335.2159 13.99428699888600
COSMOS 2251 DEB
1 33825U 93036BS  26214.92216498  .00005626  00000+0  83496-3 0  9999
2 33825  73.9828 292.8576 0076548 204.9068 274.3987 14.73289036923106
COSMOS 2251 DEB
1 33826U 93036BT  26214.74683053  .00001319  00000+0  30186-3 0  9998
2 33826  74.0643 330.7298 0083524 318.0060 112.5947 14.54580035911544
COSMOS 2251 DEB
1 33828U 93036BV  26214.56053302  .00000906  00000+0  26623-3 0  9990
2 33828  74.0460 164.8857 0028968 185.1144 296.2074 14.44962319916754
COSMOS 2251 DEB
1 33830U 93036BX  26214.82053872  .00003987  00000+0  53042-3 0  9991
2 33830  74.0313 132.3060 0042305 196.0409 220.2829 14.79444619929166
COSMOS 2251 DEB
1 33832U 93036BZ  26214.85225249  .00004420  00000+0  85641-3 0  9998
2 33832  74.0544 124.0460 0021879 101.3736 335.5216 14.63430816918324
COSMOS 2251 DEB
1 33835U 93036CC  26214.92822047  .00002315  00000+0  43631-3 0  9992
2 33835  74.0570  14.2892 0054875   6.9751 149.6583 14.64176724922001
COSMOS 2251 DEB
1 33836U 93036CD  26214.31101846  .00006822  00000+0  82634-3 0  9996
2 33836  73.9964 158.4032 0024351 303.2832 211.2809 14.83609831675332
COSMOS 2251 DEB
1 33837U 93036CE  26214.75257858  .00000760  00000+0  19736-3 0  9998
2 33837  74.0139 336.7299 0033362 142.1893 218.1622 14.51137552921754
COSMOS 2251 DEB
1 33838U 93036CF  26214.86197295  .00000917  00000+0  24810-3 0  9992
2 33838  74.0358  72.9857 0026329 137.6037 235.3676 14.48970374919458
COSMOS 2251 DEB
1 33839U 93036CG  26214.79097240  .00000778  00000+0  14385-3 0  9995
2 33839  74.0392 118.4223 0083755 172.3346 247.2450 14.64993510929925
COSMOS 2251 DEB
1 33911U 93036DQ  26214.77448341  .00007271  00000+0  95292-3 0  9997
2 33911  74.0883  65.7816 0009973 292.6559 192.9851 14.80473776920876
COSMOS 2251 DEB
1 33912U 93036DR  26214.78926557  .00001991  00000+0  48683-3 0  9994
2 33912  74.0338 110.1850 0010661 139.6095 298.2082 14.53187518918178
COSMOS 2251 DEB
1 33913U 93036DS  26214.66167582  .00001177  00000+0  31127-3 0  9998
2 33913  74.0334 106.9090 0047131 153.2651 232.4744 14.49320836918314
COSMOS 2251 DEB
1 33914U 93036DT  26214.82893556  .00000249  00000+0  21241-3 0  9999
2 33914  74.0913 350.8281 0303674  39.4518 121.5881 13.72261275872780
COSMOS 2251 DEB
1 33915U 93036DU  26214.77323571  .00000628  00000+0  21290-3 0  9994
2 33915  74.0442 326.7942 0106289   1.4145 122.1724 14.35663430911014
COSMOS 2251 DEB
1 33916U 93036DV  26214.61168714  .00000390  00000+0  32997-3 0  9996
2 33916  74.0517  17.9019 0323975 138.0602 306.7104 13.68800313870777
COSMOS 2251 DEB
1 33917U 93036DW  26214.77843558  .00000499  00000+0  39932-3 0  9996
2 33917  74.1048 100.0655 0333615 145.9597 216.3423 13.69932397869249
COSMOS 2251 DEB
1 33920U 93036DZ  26214.45166879  .00004154  00000+0  83797-3 0  9999
2 33920  74.0577 214.9236 0031891 171.6803 188.4900 14.61451889915118
