NOAA 15
1 25338U 98030A   26202.25903623  .00000046  00000+0  36267-4 0  9990
2 25338  98.5064 221.9706 0009105 244.6642 115.3597 14.27155419466157
NOAA 20 (JPSS-1)
1 43013U 17073A   26202.25764524  .00000019  00000+0  29945-4 0  9998
2 43013  98.7772 141.4186 0001592 117.9935 242.1403 14.19517260449302
NOAA 21 (JPSS-2)
1 54234U 22150A   26202.21936019  .00000037  00000+0  38359-4 0  9992
2 54234  98.7059 140.4370 0002920  93.5857 266.5653 14.19541775191375
TERRA
1 25994U 99068A   26202.25910914  .00000245  00000+0  58786-4 0  9992
2 25994  97.9436 250.4512 0003618 110.9634 313.8018 14.61126820414587
AQUA
1 27424U 02022A   26202.27823361  .00000514  00000+0  11203-3 0  9998
2 27424  98.4301 172.2474 0001316 102.0253   1.6389 14.62134327288252
AURA
1 28376U 04026A   26202.22122286  .00000511  00000+0  11306-3 0  9995
2 28376  98.3434 158.9609 0001403  93.7196 266.4165 14.61373530171181
LANDSAT 8
1 39084U 13008A   26202.22237070  .00000206  00000+0  55898-4 0  9997
2 39084  98.2285 271.9505 0001336  91.8421 268.2931 14.57096996702856
LANDSAT 9
1 49260U 21088A   26202.18816322  .00000217  00000+0  58165-4 0  9991
2 49260  98.2264 271.9512 0001073  92.7639 267.3683 14.57098343255953
SENTINEL-1A
1 39634U 14016A   26202.58469653  .00000103  00000+0  31533-4 0  9997
2 39634  98.1714 209.6122 0001435  85.1809 274.9554 14.59173297655036
SENTINEL-2A
1 40697U 15028A   26202.27065231 -.00000097  00000+0 -20403-4 0  9990
2 40697  98.5668 276.6364 0001310  98.6114 261.5218 14.30815111578604
SENTINEL-3A
1 41335U 16011A   26202.22953099  .00000051  00000+0  39133-4 0  9994
2 41335  98.6232 269.1213 0001305  88.8236 271.3094 14.26740922542910
SENTINEL-5P
1 42969U 17064A   26202.24655485  .00000027  00000+0  33683-4 0  9994
2 42969  98.7929 144.1371 0001192  92.3814 267.7498 14.19523981454398
ISS (ZARYA)
1 25544U 98067A   26202.18553447  .00005896  00000+0  11479-3 0  9991
2 25544  51.6316 131.8443 0006849 320.6461  39.4029 15.49071756577020
CSS (TIANHE)
1 48274U 21035A   26202.11164244  .00010192  00000+0  13514-3 0  9990
2 48274  41.4684 115.9697 0001843 304.6724  55.3940 15.58228865298469
HST
1 20580U 90037B   26202.23634140  .00004226  00000+0  12921-3 0  9990
2 20580  28.4721 207.7932 0002089 161.9794 198.0877 15.31099653793794
CYGFM05
1 41884U 16078A   26202.21705104  .00020304  00000+0  26143-3 0  9996
2 41884  34.9575  34.9983 0005298 103.9113 256.2201 15.58052903534062
CYGFM04
1 41885U 16078B   26202.14087976  .00027357  00000+0  28683-3 0  9995
2 41885  34.9332   1.4107 0004336 154.6483 205.4457 15.63342786534310
CYGFM02
1 41886U 16078C   26201.69058210  .00028676  00000+0  26335-3 0  9991
2 41886  34.9411 357.9232 0005031 150.2375 209.8639 15.66648843534420
LEGION 3
1 60452U 24146A   26202.20245811  .00001816  00000+0  10745-3 0  9994
2 60452  45.0013 208.1884 0007605   7.1906 352.9081 15.15677275107185
JASON-3
1 41240U 16002A   26202.25517798 -.00000057  00000+0  22539-4 0  9993
2 41240  66.0416  54.2111 0008132 270.3174  89.6913 12.87628894491632
SENTINEL-6A
1 46984U 20086A   26201.97043766 -.00000063  00000+0 -70968-5 0  9995
2 46984  66.0410  64.8847 0007785 269.6488  90.3636 12.80930249264655
SWOT
1 54754U 22173A   26202.21481608  .00000036  00000+0  26021-4 0  9995
2 54754  77.6117 349.3716 0000218  68.0958 292.0216 14.00172598183917
SWARM B
1 39451U 13067A   26202.30534067  .00002759  00000+0  97553-4 0  9994
2 39451  87.7466 331.9535 0002251  89.9406 270.2101 15.28743016688458
SWARM A
1 39452U 13067B   26202.15149858  .00007690  00000+0  12932-3 0  9994
2 39452  87.3303  43.6096 0003324  91.0473 269.1169 15.51531605711514
TIMED
1 26998U 01055B   26202.06208226  .00000794  00000+0  75513-4 0  9997
2 26998  74.0672 166.8085 0002363 293.8666  66.2271 14.95352863335887
CRYOSAT 2
1 36508U 10013A   26202.26592083  .00000058  00000+0  13784-4 0  9993
2 36508  92.0354 285.5863 0002476  98.8097 261.3390 14.51899565863020
RESURS-DK 1
1 29228U 06021A   26202.14319399  .00001263  00000+0  76793-4 0  9990
2 29228  69.9300 251.6453 0007450 264.6911  95.3405 15.13333275107718
IRIDIUM 33
1 24946U 97051C   26201.82898435  .00000157  00000+0  48113-4 0  9998
2 24946  86.3901 335.8351 0006883 201.0982 158.9931 14.35160476509916
IRIDIUM 33 DEB
1 33773U 97051L   26202.29090849  .00000592  00000+0  16827-3 0  9990
2 33773  86.4038 327.1110 0012759 136.5075 223.7135 14.43697745915299
IRIDIUM 33 DEB
1 33775U 97051N   26202.26217433  .00000904  00000+0  26888-3 0  9994
2 33775  86.3650 315.3729 0014538 147.1258 240.0062 14.42101019913183
IRIDIUM 33 DEB
1 33776U 97051P   26202.13760468  .00000537  00000+0  16906-3 0  9994
2 33776  86.4064 348.1833 0014260 185.5683 348.6156 14.38576535912502
IRIDIUM 33 DEB
1 33777U 97051Q   26201.76339605  .00001941  00000+0  42666-3 0  9990
2 33777  86.3790 299.3903 0005406 218.4963 141.5861 14.57061687917362
IRIDIUM 33 DEB
1 33850U 97051T   26202.23003067  .00000639  00000+0  18575-3 0  9990
2 33850  86.3414 295.3373 0012999 152.9474 236.5484 14.42748034913317
IRIDIUM 33 DEB
1 33860U 97051AD  26202.01444861  .00003623  00000+0  59283-3 0  9995
2 33860  86.3811 289.4539 0005570 303.0755 236.5951 14.70562515919566
IRIDIUM 33 DEB
1 33862U 97051AF  26202.22927720  .00002863  00000+0  42579-3 0  9995
2 33862  86.4086 299.9156 0048076  26.3431   2.0961 14.73820416920679
IRIDIUM 33 DEB
1 33866U 97051AK  26202.21325411  .00003020  00000+0  11639-2 0  9995
2 33866  86.3027 359.6558 0113648 172.0165 310.4091 14.26503482899526
IRIDIUM 33 DEB
1 33953U 97051BN  26202.30680581  .00002008  00000+0  43811-3 0  9997
2 33953  86.3869 317.9021 0018275  80.1561 309.3198 14.57316926915149
IRIDIUM 33 DEB
1 33960U 97051BV  26202.28291964  .00009353  00000+0  85574-3 0  9997
2 33960  86.2569 184.6148 0004534  74.1065 351.4686 14.94864727921535
IRIDIUM 33 DEB
1 34071U 97051CE  26202.13993816  .00001133  00000+0  28438-3 0  9994
2 34071  86.3435 281.9490 0009913  95.4263 264.8073 14.50469332915282
IRIDIUM 33 DEB
1 34077U 97051CL  26202.31437789  .00005159  00000+0  88811-3 0  9995
2 34077  86.3858 314.0394 0007765   2.9352  24.0191 14.68405826915669
IRIDIUM 33 DEB
1 34079U 97051CN  26202.16398635  .00008733  00000+0  89434-3 0  9999
2 34079  86.3713 267.7588 0003531 262.7941 127.0494 14.90381340922541
IRIDIUM 33 DEB
1 34088U 97051CX  26201.78018488  .00019621  00000+0  13366-2 0  9999
2 34088  86.3752 288.3228 0005931 138.9449 345.1112 15.06157252920388
IRIDIUM 33 DEB
1 34521U 97051HN  26202.22218257  .00003549  00000+0  64282-3 0  9993
2 34521  86.3782 293.2453 0002715 187.9488 172.1683 14.66078205917003
COSMOS 2251 DEB
1 33757U 93036E   26202.19866868  .00000035  00000+0  22318-4 0  9997
2 33757  74.0371 281.1403 0015780 247.2200 142.2785 14.32630335911534
COSMOS 2251 DEB
1 33758U 93036F   26202.16709293  .00001810  00000+0  44489-3 0  9997
2 33758  74.0267 159.2973 0016515 182.2072 199.8473 14.52973598915054
COSMOS 2251 DEB
1 33760U 93036H   26202.16283742  .00000108  00000+0  46521-4 0  9995
2 33760  74.0298 236.8746 0021693 284.6942 131.9763 14.35794527912888
COSMOS 2251 DEB
1 33761U 93036J   26202.13246249  .00000707  00000+0  21798-3 0  9997
2 33761  74.0337 203.0373 0024128 236.1806 200.1327 14.43100782914130
COSMOS 2251 DEB
1 33762U 93036K   26202.20471221  .00000016  00000+0  15022-4 0  9993
2 33762  74.0408 266.9490 0016410 278.7481 111.4111 14.33724442912074
COSMOS 2251 DEB
1 33764U 93036M   26202.16399797  .00000449  00000+0  15075-3 0  9994
2 33764  74.0312 225.4803 0020757 138.5489 289.5389 14.39910525913292
COSMOS 2251 DEB
1 33765U 93036N   26202.07075378  .00033114  00000+0  12519-2 0  9995
2 33765  73.9987  71.5922 0051803 108.1047 252.5805 15.25543241929620
COSMOS 2251 DEB
1 33766U 93036P   26201.98753351  .00000690  00000+0  24256-3 0  9994
2 33766  74.1859  94.7816 0063874 235.5183 123.9927 14.35580828909051
COSMOS 2251 DEB
1 33768U 93036R   26202.15300164  .00000109  00000+0  11653-3 0  9998
2 33768  74.0663 224.0565 0367885 332.7981  87.7806 13.58626314862897
COSMOS 2251 DEB
1 33779U 93036U   26202.12191156  .00009098  00000+0  13443-2 0  9990
2 33779  74.0432 101.4804 0014503  88.6785  30.2801 14.75280509917736
COSMOS 2251 DEB
1 33819U 93036BL  26202.02044130  .00001188  00000+0  42457-3 0  9993
2 33819  74.1782 171.1266 0089629 329.3738  94.3374 14.32945582906501
COSMOS 2251 DEB
1 33821U 93036BN  26202.24805420  .00028182  00000+0  67746-3 0  9998
2 33821  74.0246  30.9708 0032884   6.1032 354.0570 15.40623060783803
COSMOS 2251 DEB
1 33822U 93036BP  26202.01878448  .00001287  00000+0  61561-3 0  9990
2 33822  74.0672 164.3510 0150622 158.2062 272.6879 14.14257591891677
COSMOS 2251 DEB
1 33823U 93036BQ  26202.21178248  .00000659  00000+0  39068-3 0  9993
2 33823  73.8098 122.7622 0208349 209.8025 302.9122 13.99409841886931
COSMOS 2251 DEB
1 33825U 93036BS  26202.27342394  .00003550  00000+0  53061-3 0  9998
2 33825  73.9835 317.5886 0076999 232.1251 151.3244 14.73146289921245
COSMOS 2251 DEB
1 33826U 93036BT  26202.18040463  .00000843  00000+0  19573-3 0  9993
2 33826  74.0639 354.4635 0083048 345.2945 189.0992 14.54549162909713
COSMOS 2251 DEB
1 33828U 93036BV  26202.08940461  .00000696  00000+0  20637-3 0  9990
2 33828  74.0447 188.0983 0029478 211.5238 223.5521 14.44938226914952
COSMOS 2251 DEB
1 33830U 93036BX  26202.24449340  .00003131  00000+0  41853-3 0  9991
2 33830  74.0307 157.0599 0042805 224.0727 202.6144 14.79336762927307
COSMOS 2251 DEB
1 33832U 93036BZ  26202.28726105  .00003667  00000+0  71354-3 0  9997
2 33832  74.0539 148.1228 0021786 129.6638  20.4463 14.63310407916480
COSMOS 2251 DEB
1 33835U 93036CC  26202.01359602  .00001914  00000+0  36245-3 0  9998
2 33835  74.0551  39.0686 0054556  35.4216 117.4366 14.64107504920117
COSMOS 2251 DEB
1 33836U 93036CD  26202.29041729  .00005850  00000+0  71280-3 0  9998
2 33836  73.9950 182.2688 0024434 329.4801  94.3068 14.83405317673559
COSMOS 2251 DEB
1 33837U 93036CE  26201.44711312  .00000455  00000+0  12110-3 0  9990
2 33837  74.0125   1.7963 0033949 170.6797 189.5001 14.51114328919829
COSMOS 2251 DEB
1 33838U 93036CF  26202.18559542  .00000670  00000+0  18348-3 0  9996
2 33838  74.0368  96.7492 0026666 165.2333 351.5233 14.48945292917615
COSMOS 2251 DEB
1 33839U 93036CG  26202.31270836  .00000524  00000+0  98870-4 0  9995
2 33839  74.0392 142.4189 0084312 199.5315 317.6333 14.64972911928091
COSMOS 2251 DEB
1 33911U 93036DQ  26202.14210975  .00006355  00000+0  83782-3 0  9998
2 33911  74.0887  90.5989 0010045 319.5600 192.3108 14.80255066919007
COSMOS 2251 DEB
1 33912U 93036DR  26202.27409984  .00001510  00000+0  37146-3 0  9994
2 33912  74.0337 133.8073 0010914 168.5556 344.4498 14.53133018916359
COSMOS 2251 DEB
1 33913U 93036DS  26201.83063250  .00000722  00000+0  19399-3 0  9992
2 33913  74.0337 130.9787 0047528 180.8858 246.1794 14.49287933916452
COSMOS 2251 DEB
1 33914U 93036DT  26202.22039500  .00000238  00000+0  20353-3 0  9992
2 33914  74.0900  11.6182 0303581  63.2357 113.7343 13.72252230871057
COSMOS 2251 DEB
1 33915U 93036DU  26202.17170179  .00000477  00000+0  16376-3 0  9990
2 33915  74.0434 349.9096 0105948  27.8045 152.7719 14.35644724909200
COSMOS 2251 DEB
1 33916U 93036DV  26202.26677497  .00000300  00000+0  25805-3 0  9998
2 33916  74.0507  38.1923 0324183 161.0810 315.1679 13.68788816869080
COSMOS 2251 DEB
1 33917U 93036DW  26202.21793882  .00000239  00000+0  20024-3 0  9990
2 33917  74.1056 120.6819 0333982 169.5761 191.2517 13.69921580867526
COSMOS 2251 DEB
1 33920U 93036DZ  26202.06109051  .00003146  00000+0  63780-3 0  9992
2 33920  74.0582 238.5879 0032315 198.1462 161.8555 14.61334977913304
