NOAA 15
1 25338U 98030A   26200.85684627  .00000025  00000+0  27670-4 0  9999
2 25338  98.5064 220.6063 0009080 249.2404 110.7805 14.27155139465955
NOAA 20 (JPSS-1)
1 43013U 17073A   26200.77743681  .00000024  00000+0  32532-4 0  9996
2 43013  98.7772 139.9515 0001545 119.7113 240.4217 14.19517009449097
NOAA 21 (JPSS-2)
1 54234U 22150A   26200.80966052  .00000016  00000+0  28150-4 0  9990
2 54234  98.7059 139.0510 0002913  96.4097 263.7411 14.19541530191173
TERRA
1 25994U 99068A   26200.82984250  .00000153  00000+0  40135-4 0  9994
2 25994  97.9437 249.0788 0003572 113.7703 357.4701 14.61125686414373
AQUA
1 27424U 02022A   26200.89388117  .00000348  00000+0  79001-4 0  9995
2 27424  98.4299 170.8350 0001283 102.0464 279.1344 14.62132324288058
AURA
1 28376U 04026A   26200.85183598  .00000347  00000+0  80014-4 0  9995
2 28376  98.3432 157.5798 0001385  93.9842 266.1516 14.61371559170985
LANDSAT 8
1 39084U 13008A   26200.84896603  .00000139  00000+0  40972-4 0  9998
2 39084  98.2286 270.5937 0001347  91.6940 268.4413 14.57096060702654
LANDSAT 9
1 49260U 21088A   26200.81475977  .00000142  00000+0  41576-4 0  9991
2 49260  98.2266 270.5946 0001092  91.3836 268.7488 14.57097359255758
SENTINEL-1A
1 39634U 14016A   26200.87038178 -.00000117  00000+0 -15040-4 0  9993
2 39634  98.1734 207.9246 0001452  83.4059 276.7306 14.59173141654787
SENTINEL-2A
1 40697U 15028A   26200.80211848  .00000064  00000+0  41013-4 0  9996
2 40697  98.5670 275.1890 0001296  95.3383 264.7948 14.30815437578392
SENTINEL-3A
1 41335U 16011A   26200.82693734  .00000037  00000+0  33164-4 0  9997
2 41335  98.6233 267.7391 0001317  89.0426 271.0905 14.26740566542719
SENTINEL-5P
1 42969U 17064A   26200.83683965  .00000000  00000+0  20783-4 0  9999
2 42969  98.7928 142.7372 0001189  93.7030 266.4282 14.19523687454191
ISS (ZARYA)
1 25544U 98067A   26200.83077020  .00004561  00000+0  90718-4 0  9991
2 25544  51.6315 138.5480 0006793 315.6343  44.4100 15.49054454576813
CSS (TIANHE)
1 48274U 21035A   26200.82979203  .00011146  00000+0  14750-3 0  9998
2 48274  41.4682 123.7405 0001962 307.3451  52.7208 15.58206141298269
HST
1 20580U 90037B   26200.34608724  .00002982  00000+0  89068-4 0  9993
2 20580  28.4721 220.7198 0002147 143.8470 216.2271 15.31084694793507
CYGFM05
1 41884U 16078A   26200.87148088  .00015836  00000+0  20458-3 0  9995
2 41884  34.9573  43.9264 0005319  88.6074 271.5260 15.57999934533855
CYGFM04
1 41885U 16078B   26200.79986979  .00020059  00000+0  21124-3 0  9990
2 41885  34.9331  10.3823 0004234 139.1895 220.9148 15.63274012534107
CYGFM02
1 41886U 16078C   26200.79847116  .00025330  00000+0  23327-3 0  9994
2 41886  34.9412   3.9203 0004970 140.4749 219.6342 15.66597334534286
LEGION 3
1 60452U 24146A   26200.42291913  .00001130  00000+0  72053-4 0  9990
2 60452  45.0014 217.7272 0007791 357.1385   2.9448 15.15668412106910
JASON-3
1 41240U 16002A   26200.85712160 -.00000060  00000+0  76673-5 0  9990
2 41240  66.0416  57.1506 0008139 270.4969  89.5117 12.87628847491455
SENTINEL-6A
1 46984U 20086A   26200.79929892 -.00000063  00000+0 -74222-5 0  9994
2 46984  66.0411  67.3174 0007795 269.7244  90.2878 12.80930213264501
SWOT
1 54754U 22173A   26200.85718706 -.00000015  00000+0 -83674-5 0  9992
2 54754  77.6116 351.2043 0000227  67.1311 292.9865 14.00172514183720
SWARM B
1 39451U 13067A   26200.79978295  .00001827  00000+0  64141-4 0  9992
2 39451  87.7465 332.4103 0002210  87.1544 272.9958 15.28734168688224
SWARM A
1 39452U 13067B   26200.79702895  .00005815  00000+0  97671-4 0  9999
2 39452  87.3300  44.1135 0003338  92.0320 268.1324 15.51511977711307
TIMED
1 26998U 01055B   26200.65713193  .00000509  00000+0  49791-4 0  9997
2 26998  74.0669 169.6374 0002338 295.5776  64.5166 14.95349693335676
CRYOSAT 2
1 36508U 10013A   26200.81859726  .00000062  00000+0  14712-4 0  9999
2 36508  92.0356 285.2345 0002456  98.8465 261.3021 14.51899274862815
RESURS-DK 1
1 29228U 06021A   26200.55683453  .00000869  00000+0  54770-4 0  9990
2 29228  69.9302 255.7527 0007374 266.3257  93.7066 15.13327716107475
IRIDIUM 33
1 24946U 97051C   26200.78314256  .00000126  00000+0  37086-4 0  9999
2 24946  86.3900 336.2738 0006763 204.9106 155.1765 14.35160081509765
IRIDIUM 33 DEB
1 33773U 97051L   26200.76606845  .00000398  00000+0  11121-3 0  9995
2 33773  86.4037 327.7572 0012639 140.8843 219.3274 14.43695363915079
IRIDIUM 33 DEB
1 33775U 97051N   26200.82326161  .00000674  00000+0  19883-3 0  9994
2 33775  86.3650 315.9875 0014396 151.2722 330.4171 14.42097838912979
IRIDIUM 33 DEB
1 33776U 97051P   26200.80667064  .00000400  00000+0  12415-3 0  9994
2 33776  86.4063 348.7423 0014089 189.9658 295.8565 14.38574820912312
IRIDIUM 33 DEB
1 33777U 97051Q   26200.80193589  .00001778  00000+0  39043-3 0  9996
2 33777  86.3790 299.8093 0005297 222.4836 137.5963 14.57057287917223
IRIDIUM 33 DEB
1 33850U 97051T   26200.79163471  .00000476  00000+0  13675-3 0  9990
2 33850  86.3415 295.9563 0012838 157.1999 326.1850 14.42745791913103
IRIDIUM 33 DEB
1 33860U 97051AD  26200.71184983  .00002557  00000+0  41736-3 0  9995
2 33860  86.3813 290.0335 0005622 309.4960 178.7179 14.70552334919372
IRIDIUM 33 DEB
1 33862U 97051AF  26200.82095000  .00002020  00000+0  29923-3 0  9999
2 33862  86.4088 300.5408 0048308  31.1894  89.9375 14.73812155920466
IRIDIUM 33 DEB
1 33866U 97051AK  26200.44133834  .00002024  00000+0  77784-3 0  9991
2 33866  86.3022   0.4068 0113378 177.6998 210.9528 14.26493185899272
IRIDIUM 33 DEB
1 33953U 97051BN  26200.31554583  .00001465  00000+0  31826-3 0  9997
2 33953  86.3868 318.7685 0018376  86.0789 303.3480 14.57307666914858
IRIDIUM 33 DEB
1 33960U 97051BV  26200.48707878  .00006004  00000+0  54900-3 0  9992
2 33960  86.2571 185.4734 0004555  76.0762  51.7074 14.94835561921261
IRIDIUM 33 DEB
1 34071U 97051CE  26200.76018704  .00000802  00000+0  19978-3 0  9996
2 34071  86.3437 282.5497 0009931  98.9733 261.2596 14.50465149915089
IRIDIUM 33 DEB
1 34077U 97051CL  26200.83457035  .00003494  00000+0  60046-3 0  9996
2 34077  86.3861 314.6949 0007976   8.4888 120.9637 14.68391122915444
IRIDIUM 33 DEB
1 34079U 97051CN  26200.70531905  .00006077  00000+0  62210-3 0  9998
2 34079  86.3714 268.4303 0003467 271.4397 217.3852 14.90356545922321
IRIDIUM 33 DEB
1 34088U 97051CX  26200.78367902  .00016331  00000+0  11138-2 0  9996
2 34088  86.3756 288.7924 0005942 141.7282 342.8225 15.06116923920231
IRIDIUM 33 DEB
1 34521U 97051HN  26200.78885032  .00002429  00000+0  43872-3 0  9991
2 34521  86.3784 293.8791 0002526 192.8101 167.3049 14.66067595916790
COSMOS 2251 DEB
1 33757U 93036E   26200.32051081  .00000023  00000+0  18167-4 0  9997
2 33757  74.0373 284.5689 0015806 250.8216 176.0198 14.32630044911265
COSMOS 2251 DEB
1 33758U 93036F   26200.68166758  .00001229  00000+0  30424-3 0  9993
2 33758  74.0265 162.1012 0016565 185.4869 349.9394 14.52966353914839
COSMOS 2251 DEB
1 33760U 93036H   26200.50076170  .00000069  00000+0  33023-4 0  9995
2 33760  74.0300 239.9257 0021668 287.9717 181.1162 14.35793955912649
COSMOS 2251 DEB
1 33761U 93036J   26200.76556955  .00000468  00000+0  14711-3 0  9993
2 33761  74.0337 205.5757 0024147 238.9623 299.0014 14.43097970913932
COSMOS 2251 DEB
1 33762U 93036K   26200.89625323  .00000016  00000+0  15138-4 0  9998
2 33762  74.0411 269.3413 0016406 281.2843 198.0954 14.33724263911881
COSMOS 2251 DEB
1 33764U 93036M   26200.86434258  .00000318  00000+0  10912-3 0  9991
2 33764  74.0313 227.8819 0020799 141.3235  32.4922 14.39908889913101
COSMOS 2251 DEB
1 33765U 93036N   26200.69355639  .00020638  00000+0  78404-3 0  9995
2 33765  73.9989  74.5098 0051944 111.5431 249.1317 15.25463026929419
COSMOS 2251 DEB
1 33766U 93036P   26200.80285801  .00000547  00000+0  19420-3 0  9992
2 33766  74.1859  96.9351 0063917 238.0017 121.4915 14.35578564908885
COSMOS 2251 DEB
1 33768U 93036R   26200.46945464  .00000050  00000+0  64197-4 0  9995
2 33768  74.0664 226.7748 0367844 335.8909 133.4602 13.58625721862668
COSMOS 2251 DEB
1 33779U 93036U   26200.82480394  .00006601  00000+0  97757-3 0  9998
2 33779  74.0432 104.0151 0014413  91.4605 341.4804 14.75257487917541
COSMOS 2251 DEB
1 33819U 93036BL  26200.89507648  .00000931  00000+0  33480-3 0  9995
2 33819  74.1780 173.1645 0089612 331.7093  49.0509 14.32941888906349
COSMOS 2251 DEB
1 33821U 93036BN  26200.81939800  .00021725  00000+0  52439-3 0  9998
2 33821  74.0244  34.0631 0032848   9.8414 350.3430 15.40546325783582
COSMOS 2251 DEB
1 33822U 93036BP  26200.87878985  .00001128  00000+0  54112-3 0  9996
2 33822  74.0671 166.3675 0150643 160.5534 228.5602 14.14254576891510
COSMOS 2251 DEB
1 33823U 93036BQ  26200.83502667  .00000517  00000+0  30967-3 0  9997
2 33823  73.8097 125.1767 0208413 212.4674 206.9809 13.99407552886740
COSMOS 2251 DEB
1 33825U 93036BS  26200.80537566  .00002212  00000+0  33291-3 0  9999
2 33825  73.9837 320.4587 0077025 235.2949 285.8774 14.73134851921026
COSMOS 2251 DEB
1 33826U 93036BT  26200.86929382  .00000640  00000+0  15020-3 0  9990
2 33826  74.0638 356.9397 0083044 348.1563 163.5915 14.54546425909528
COSMOS 2251 DEB
1 33828U 93036BV  26200.72440869  .00000468  00000+0  14122-3 0  9995
2 33828  74.0445 190.6391 0029534 214.4274 323.1326 14.44935572914756
COSMOS 2251 DEB
1 33830U 93036BX  26200.88358300  .00002118  00000+0  28490-3 0  9990
2 33830  74.0307 159.7383 0042855 227.0533 155.0124 14.79327818927109
COSMOS 2251 DEB
1 33832U 93036BZ  26200.82814954  .00002352  00000+0  46011-3 0  9997
2 33832  74.0540 150.9185 0021757 133.0330 253.8085 14.63298976916276
COSMOS 2251 DEB
1 33835U 93036CC  26200.82604631  .00001456  00000+0  27709-3 0  9996
2 33835  74.0550  41.3470 0054545  38.0343 338.1017 14.64100938919949
COSMOS 2251 DEB
1 33836U 93036CD  26200.41891328  .00003553  00000+0  43506-3 0  9996
2 33836  73.9949 185.9839 0024405 333.5719 180.1610 14.83384865673277
COSMOS 2251 DEB
1 33837U 93036CE  26200.48194128  .00000377  00000+0  10158-3 0  9996
2 33837  74.0124   3.6147 0033984 172.7285 187.4377 14.51113121919684
COSMOS 2251 DEB
1 33838U 93036CF  26200.78561624  .00000451  00000+0  12585-3 0  9998
2 33838  74.0368  99.3734 0026719 168.2406 248.9197 14.48942573917411
COSMOS 2251 DEB
1 33839U 93036CG  26200.85475735  .00000349  00000+0  68018-4 0  9993
2 33839  74.0390 145.2226 0084377 202.6840 188.5728 14.64970809927885
COSMOS 2251 DEB
1 33911U 93036DQ  26200.77455536  .00004147  00000+0  54872-3 0  9994
2 33911  74.0887  93.2850 0010060 322.3746 105.0231 14.80237390918809
COSMOS 2251 DEB
1 33912U 93036DR  26200.80497748  .00001032  00000+0  25595-3 0  9990
2 33912  74.0335 136.5800 0010962 171.7926 218.9807 14.53126941916148
COSMOS 2251 DEB
1 33913U 93036DS  26200.78787428  .00000625  00000+0  16883-3 0  9992
2 33913  74.0336 132.9347 0047566 183.1147 205.6436 14.49285921916306
COSMOS 2251 DEB
1 33914U 93036DT  26200.82352668  .00000188  00000+0  16369-3 0  9995
2 33914  74.0899  13.9217 0303588  65.8704  53.0487 13.72251328870869
COSMOS 2251 DEB
1 33915U 93036DU  26200.83556352  .00000376  00000+0  13096-3 0  9996
2 33915  74.0433 352.3607 0105923  30.5950  87.1733 14.35643118909016
COSMOS 2251 DEB
1 33916U 93036DV  26200.56904755  .00000221  00000+0  19491-3 0  9995
2 33916  74.0506  40.9829 0324205 164.2495 229.3806 13.68787522868859
COSMOS 2251 DEB
1 33917U 93036DW  26200.83043406  .00000200  00000+0  16996-3 0  9997
2 33917  74.1055 122.9593 0334031 172.1833 188.4683 13.69920778867334
COSMOS 2251 DEB
1 33920U 93036DZ  26200.14423023  .00002097  00000+0  42750-3 0  9995
2 33920  74.0579 242.2485 0032384 202.1684 157.8085 14.61322699913023
