NOAA 15
1 25338U 98030A   26204.29221116  .00000083  00000+0  51553-4 0  9992
2 25338  98.5065 223.9488 0009174 238.0022 122.0268 14.27155968466443
NOAA 20 (JPSS-1)
1 43013U 17073A   26204.30174216  .00000045  00000+0  42539-4 0  9992
2 43013  98.7773 143.4446 0001652 115.3492 244.7856 14.19517665449591
NOAA 21 (JPSS-2)
1 54234U 22150A   26204.26342409  .00000012  00000+0  26366-4 0  9991
2 54234  98.7059 142.4468 0002914  90.1668 269.9842 14.19542003191665
TERRA
1 25994U 99068A   26204.24709906  .00000310  00000+0  72008-4 0  9996
2 25994  97.9435 252.3598 0003654 107.0530 328.4031 14.61128256414877
AQUA
1 27424U 02022A   26204.18565110  .00000627  00000+0  13450-3 0  9996
2 27424  98.4303 174.1934 0001364 102.1719 315.6143 14.62137104288530
AURA
1 28376U 04026A   26204.13836126  .00000620  00000+0  13515-3 0  9997
2 28376  98.3435 160.8945 0001438  93.8201 266.3164 14.61376240171463
LANDSAT 8
1 39084U 13008A   26204.28247628  .00000246  00000+0  64780-4 0  9999
2 39084  98.2283 273.9856 0001332  91.8902 268.2449 14.57098192703153
LANDSAT 9
1 49260U 21088A   26204.17959672  .00000273  00000+0  70741-4 0  9994
2 49260  98.2263 273.9181 0001062  94.8455 265.2865 14.57099648256244
SENTINEL-1A
1 39634U 14016A   26204.16186659 -.00000001  00000+0  95439-5 0  9999
2 39634  98.1698 211.1650 0001447  85.2053 274.9312 14.59173724655268
SENTINEL-2A
1 40697U 15028A   26204.29862678 -.00000022  00000+0  81350-5 0  9990
2 40697  98.5669 278.6352 0001347  97.9035 262.2301 14.30815885578898
SENTINEL-3A
1 41335U 16011A   26204.26329476  .00000067  00000+0  45588-4 0  9994
2 41335  98.6231 271.1252 0001289  86.9699 273.1629 14.26735984543207
SENTINEL-5P
1 42969U 17064A   26204.29064142  .00000034  00000+0  37047-4 0  9991
2 42969  98.7929 146.1668 0001207  92.3833 267.7481 14.19524294454689
ISS (ZARYA)
1 25544U 98067A   26204.18538858  .00009623  00000+0  18183-3 0  9993
2 25544  51.6313 121.9488 0006905 328.2241  31.8329 15.49110422577336
CSS (TIANHE)
1 48274U 21035A   26204.03437983  .00011304  00000+0  14912-3 0  9995
2 48274  41.4690 104.3124 0001739 306.7625  53.3054 15.58280026298764
HST
1 20580U 90037B   26204.25693192  .00005734  00000+0  17776-3 0  9994
2 20580  28.4721 193.9755 0001928 181.0239 179.0353 15.31122099794106
CYGFM05
1 41884U 16078A   26203.88291712  .00029391  00000+0  37636-3 0  9999
2 41884  34.9577  23.9441 0005266 122.5417 237.5817 15.58145909534323
CYGFM04
1 41885U 16078B   26203.73722765  .00034779  00000+0  36254-3 0  9992
2 41885  34.9331 350.7302 0004472 171.2900 188.7904 15.63455104534562
CYGFM02
1 41886U 16078C   26203.79327041  .00041520  00000+0  37784-3 0  9998
2 41886  34.9411 343.7857 0005146 172.8002 187.2800 15.66818040534753
LEGION 3
1 60452U 24146A   26204.24562006  .00003321  00000+0  18501-3 0  9999
2 60452  44.9999 197.2360 0007324  19.1941 340.9212 15.15689150107495
JASON-3
1 41240U 16002A   26204.27459270 -.00000041  00000+0  83866-4 0  9990
2 41240  66.0415  49.9651 0008121 270.1211  89.8877 12.87628994491899
SENTINEL-6A
1 46984U 20086A   26204.07848740 -.00000059  00000+0  90394-5 0  9993
2 46984  66.0410  60.5060 0007779 269.6212  90.3912 12.80930280264925
SWOT
1 54754U 22173A   26204.28698627  .00000091  00000+0  63251-4 0  9992
2 54754  77.6119 346.5745 0000210  72.3660 287.7514 14.00172808184209
SWARM B
1 39451U 13067A   26204.33455479  .00003288  00000+0  11646-3 0  9994
2 39451  87.7464 331.3375 0002254  92.1283 268.0224 15.28756686688766
SWARM A
1 39452U 13067B   26204.21651307  .00009990  00000+0  17317-3 0  9997
2 39452  87.3303  42.8420 0003287  90.2224 269.9413 15.50718876711830
TIMED
1 26998U 01055B   26204.20295331  .00001067  00000+0  10031-3 0  9995
2 26998  74.0675 162.4978 0002388 291.6566  68.4364 14.95357692336204
CRYOSAT 2
1 36508U 10013A   26204.26460532  .00000067  00000+0  15978-4 0  9995
2 36508  92.0353 286.0721 0002513  98.7027 261.4465 14.51899959863315
RESURS-DK 1
1 29228U 06021A   26204.19223332  .00001576  00000+0  94295-4 0  9992
2 29228  69.9299 246.3397 0007563 262.6323  97.3984 15.13340399108027
IRIDIUM 33
1 24946U 97051C   26203.64177597  .00000188  00000+0  59011-4 0  9992
2 24946  86.3903 335.0746 0007105 194.6563 165.4429 14.35161198510175
IRIDIUM 33 DEB
1 33773U 97051L   26204.30092024  .00000794  00000+0  22778-3 0  9997
2 33773  86.4038 326.2593 0012917 130.8047 229.4277 14.43701371915589
IRIDIUM 33 DEB
1 33775U 97051N   26204.27483999  .00001103  00000+0  32918-3 0  9992
2 33775  86.3650 314.5132 0014721 141.3325 248.0468 14.42105598913473
IRIDIUM 33 DEB
1 33776U 97051P   26204.33434166  .00000645  00000+0  20409-3 0  9994
2 33776  86.4067 347.2609 0014539 178.3885 205.2101 14.38579174912824
IRIDIUM 33 DEB
1 33777U 97051Q   26204.23570626  .00003239  00000+0  71480-3 0  9993
2 33777  86.3786 298.3126 0005712 207.7625 152.3280 14.57077615917722
IRIDIUM 33 DEB
1 33850U 97051T   26204.24126068  .00000739  00000+0  21576-3 0  9996
2 33850  86.3412 294.4718 0013216 147.0133 241.9544 14.42750929913603
IRIDIUM 33 DEB
1 33860U 97051AD  26204.23130624  .00005298  00000+0  86826-3 0  9993
2 33860  86.3810 288.4671 0005524 291.4655  96.7242 14.70585438919893
IRIDIUM 33 DEB
1 33862U 97051AF  26204.26422759  .00003661  00000+0  54556-3 0  9998
2 33862  86.4085 299.0121 0047740  19.2992 359.0602 14.73835111920979
IRIDIUM 33 DEB
1 33866U 97051AK  26204.18714340  .00003764  00000+0  14513-2 0  9995
2 33866  86.3028 358.8193 0113888 165.6968   7.1559 14.26517757899808
IRIDIUM 33 DEB
1 33953U 97051BN  26204.29805138  .00002891  00000+0  63281-3 0  9997
2 33953  86.3868 317.0358 0018174  74.4042 315.1162 14.57328081915433
IRIDIUM 33 DEB
1 33960U 97051BV  26203.94895845  .00016256  00000+0  14860-2 0  9998
2 33960  86.2566 183.8184 0004446  71.6921 313.8550 14.94914616921780
IRIDIUM 33 DEB
1 34071U 97051CE  26204.20955775  .00001365  00000+0  34369-3 0  9993
2 34071  86.3433 281.0479 0009886  90.0991 270.1346 14.50475038915582
IRIDIUM 33 DEB
1 34077U 97051CL  26204.29098428  .00006970  00000+0  12001-2 0  9996
2 34077  86.3858 313.1637 0007492 355.1459  33.9541 14.68434156915955
IRIDIUM 33 DEB
1 34079U 97051CN  26204.17743748  .00013510  00000+0  13825-2 0  9990
2 34079  86.3715 266.8317 0003739 251.8908 133.8678 14.90434448922845
IRIDIUM 33 DEB
1 34088U 97051CX  26203.22916498  .00037427  00000+0  25384-2 0  9995
2 34088  86.3747 287.6396 0005901 134.1466 281.4751 15.06259442920604
IRIDIUM 33 DEB
1 34521U 97051HN  26204.20152629  .00004613  00000+0  83643-3 0  9998
2 34521  86.3781 292.3698 0003002 181.9227 178.1976 14.66095770917296
COSMOS 2251 DEB
1 33757U 93036E   26204.22388541  .00000034  00000+0  22269-4 0  9994
2 33757  74.0367 277.4431 0015749 243.3105 146.9946 14.32630609911820
COSMOS 2251 DEB
1 33758U 93036F   26204.32675771  .00002328  00000+0  57000-3 0  9998
2 33758  74.0269 155.2206 0016449 177.4274 336.6212 14.52984229915366
COSMOS 2251 DEB
1 33760U 93036H   26204.18479926  .00000142  00000+0  58072-4 0  9992
2 33760  74.0296 233.1628 0021727 280.6760 143.0339 14.35795164913171
COSMOS 2251 DEB
1 33761U 93036J   26204.07143198  .00000896  00000+0  27396-3 0  9990
2 33761  74.0340 199.4365 0024075 232.1739 193.3364 14.43104562914410
COSMOS 2251 DEB
1 33762U 93036K   26204.15855997  .00000023  00000+0  17883-4 0  9990
2 33762  74.0405 263.3766 0016428 274.9278 115.7893 14.33724624912356
COSMOS 2251 DEB
1 33764U 93036M   26204.30684296  .00000574  00000+0  19037-3 0  9994
2 33764  74.0312 221.5207 0020685 133.9420 237.4900 14.39913074913609
COSMOS 2251 DEB
1 33765U 93036N   26204.30027870  .00050517  00000+0  18929-2 0  9994
2 33765  73.9997  66.8679 0051361 102.7888 257.9059 15.25767226929967
COSMOS 2251 DEB
1 33766U 93036P   26204.14782030  .00000883  00000+0  30812-3 0  9990
2 33766  74.1858  90.8544 0063797 230.9954 128.5509 14.35584984909362
COSMOS 2251 DEB
1 33768U 93036R   26204.21678372  .00000169  00000+0  16942-3 0  9998
2 33768  74.0664 220.7243 0367935 329.0085 101.8540 13.58627070863179
COSMOS 2251 DEB
1 33779U 93036U   26204.16243508  .00013160  00000+0  19385-2 0  9991
2 33779  74.0435  97.4928 0014624  84.3745  67.4946 14.75334445918038
COSMOS 2251 DEB
1 33819U 93036BL  26204.25467656  .00001619  00000+0  57520-3 0  9998
2 33819  74.1785 167.0806 0089630 324.7578  99.8467 14.32953511906820
COSMOS 2251 DEB
1 33821U 93036BN  26204.19607510  .00039798  00000+0  94962-3 0  9999
2 33821  74.0246  26.7539 0033014   1.1956 358.9324 15.40777467784109
COSMOS 2251 DEB
1 33822U 93036BP  26203.30778956  .00001464  00000+0  69870-3 0  9994
2 33822  74.0675 162.0711 0150611 155.5810 355.4724 14.14261525891858
COSMOS 2251 DEB
1 33823U 93036BQ  26204.21375332  .00000723  00000+0  42717-3 0  9995
2 33823  73.8098 119.2511 0208267 205.9263 308.6211 13.99412777887215
COSMOS 2251 DEB
1 33825U 93036BS  26204.31212340  .00004913  00000+0  73167-3 0  9995
2 33825  73.9835 313.6026 0076962 227.7426 163.1882 14.73166578921547
COSMOS 2251 DEB
1 33826U 93036BT  26203.66309854  .00000881  00000+0  20419-3 0  9992
2 33826  74.0640 351.6632 0083077 342.0747  33.0855 14.54551638909939
COSMOS 2251 DEB
1 33828U 93036BV  26204.09827421  .00000863  00000+0  25392-3 0  9992
2 33828  74.0449 184.3591 0029408 207.3260 233.2138 14.44941863915245
COSMOS 2251 DEB
1 33830U 93036BX  26204.21838449  .00004170  00000+0  55557-3 0  9992
2 33830  74.0308 153.1748 0042732 219.6987 274.8265 14.79353017927596
COSMOS 2251 DEB
1 33832U 93036BZ  26204.26996958  .00004727  00000+0  91760-3 0  9993
2 33832  74.0540 144.3237 0021775 125.1551  25.4472 14.63328404916776
COSMOS 2251 DEB
1 33835U 93036CC  26203.99648973  .00002937  00000+0  55267-3 0  9999
2 33835  74.0564  35.2644 0054581  31.0651 128.9151 14.64118647920407
COSMOS 2251 DEB
1 33836U 93036CD  26204.04584098  .00008787  00000+0  10672-2 0  9993
2 33836  73.9949 178.7839 0024454 325.6820 108.6876 14.83435348673818
COSMOS 2251 DEB
1 33837U 93036CE  26203.86003789  .00000750  00000+0  19493-3 0  9999
2 33837  74.0128 357.2503 0033863 165.5783 194.6353 14.51118618920177
COSMOS 2251 DEB
1 33838U 93036CF  26204.11764872  .00000803  00000+0  21834-3 0  9997
2 33838  74.0366  93.1276 0026608 161.0333 349.6155 14.48948701917893
COSMOS 2251 DEB
1 33839U 93036CG  26204.29281337  .00000682  00000+0  12688-3 0  9999
2 33839  74.0394 138.6112 0084226 195.2423 320.4987 14.64975955928383
COSMOS 2251 DEB
1 33911U 93036DQ  26203.67382934  .00009067  00000+0  11923-2 0  9992
2 33911  74.0890  87.5904 0010023 316.3554  74.5623 14.80282143919237
COSMOS 2251 DEB
1 33912U 93036DR  26203.76451608  .00001685  00000+0  41362-3 0  9997
2 33912  74.0337 130.9944 0010883 165.1041 221.5168 14.53138592916576
COSMOS 2251 DEB
1 33913U 93036DS  26204.26376948  .00001132  00000+0  29971-3 0  9996
2 33913  74.0340 126.4148 0047440 175.6694 340.9949 14.49294465916802
COSMOS 2251 DEB
1 33914U 93036DT  26204.18752303  .00000307  00000+0  25812-3 0  9994
2 33914  74.0903   8.3745 0303598  59.5258 111.5753 13.72253692871328
COSMOS 2251 DEB
1 33915U 93036DU  26204.11006111  .00000601  00000+0  20420-3 0  9994
2 33915  74.0436 346.3540 0105991  23.7370  90.8822 14.35647413909486
COSMOS 2251 DEB
1 33916U 93036DV  26204.02310579  .00000387  00000+0  32824-3 0  9993
2 33916  74.0507  35.3054 0324142 157.8042 329.7404 13.68790435869323
COSMOS 2251 DEB
1 33917U 93036DW  26204.18965416  .00000266  00000+0  22093-3 0  9990
2 33917  74.1056 117.4457 0333924 165.8695 195.2056 13.69922684867796
COSMOS 2251 DEB
1 33920U 93036DZ  26204.11484848  .00004379  00000+0  88503-3 0  9999
2 33920  74.0579 234.6655 0032197 193.7295 166.2999 14.61352837913601
