NOAA 15
1 25338U 98030A   26213.61676295  .00000120  00000+0  66642-4 0  9997
2 25338  98.5065 233.0211 0009607 208.2770 151.7891 14.27159007467775
NOAA 20 (JPSS-1)
1 43013U 17073A   26213.60590050  .00000055  00000+0  47200-4 0  9994
2 43013  98.7775 152.6668 0001864 104.3339 255.8044 14.19519339450914
NOAA 21 (JPSS-2)
1 54234U 22150A   26213.56743258  .00000063  00000+0  50502-4 0  9996
2 54234  98.7062 151.5948 0002902  74.1150 286.0346 14.19543737192988
TERRA
1 25994U 99068A   26213.63963610  .00000390  00000+0  88246-4 0  9992
2 25994  97.9428 261.3772 0003683  88.7335  42.6394 14.61136327416241
AQUA
1 27424U 02022A   26213.57536071  .00000761  00000+0  16105-3 0  9992
2 27424  98.4315 183.7740 0001551  99.0881  34.3218 14.62152498289909
AURA
1 28376U 04026A   26213.58705493  .00000755  00000+0  16248-3 0  9993
2 28376  98.3445 170.4249 0001554  92.0573 268.0806 14.61391622172846
LANDSAT 8
1 39084U 13008A   26213.62159605  .00000311  00000+0  79178-4 0  9994
2 39084  98.2277 283.2110 0001278  92.2733 267.8612 14.57104818704510
LANDSAT 9
1 49260U 21088A   26213.65604695  .00000332  00000+0  83848-4 0  9997
2 49260  98.2256 283.2770 0001104 102.3053 257.8270 14.57106572257625
SENTINEL-1A
1 39634U 14016A   26213.62469655  .00000041  00000+0  18354-4 0  9993
2 39634  98.1609 220.4732 0001387  82.2865 277.8492 14.59277780656646
SENTINEL-2A
1 40697U 15028A   26213.66925690  .00000423  00000+0  17789-3 0  9992
2 40697  98.5669 287.8707 0001340  91.8313 268.3024 14.30820092580235
SENTINEL-3A
1 41335U 16011A   26213.66069541  .00000095  00000+0  57410-4 0  9990
2 41335  98.6224 280.3849 0001171  86.1989 273.9326 14.26738590544543
SENTINEL-5P
1 42969U 17064A   26213.45378212  .00000047  00000+0  43436-4 0  9998
2 42969  98.7934 155.2657 0001249  90.2810 269.8509 14.19525831455988
ISS (ZARYA)
1 25544U 98067A   26213.47431246  .00008515  00000+0  16079-3 0  9999
2 25544  51.6315  75.9770 0007210   0.6648 359.4349 15.49301455578770
CSS (TIANHE)
1 48274U 21035A   26213.58251266  .00018858  00000+0  24205-3 0  9990
2 48274  41.4685  46.4066 0001002 286.7823  73.2905 15.58678458300253
HST
1 20580U 90037B   26213.12108248  .00006317  00000+0  19591-3 0  9998
2 20580  28.4729 133.3523 0001692 293.3532  66.6886 15.31229909795466
CYGFM05
1 41884U 16078A   26213.61984715  .00024197  00000+0  30403-3 0  9997
2 41884  34.9576 319.3005 0006170 220.3220 139.7048 15.58666991535840
CYGFM04
1 41885U 16078B   26213.56817721  .00030453  00000+0  30924-3 0  9994
2 41885  34.9318 284.9131 0005095 260.2681  99.7469 15.64132613536109
CYGFM02
1 41886U 16078C   26213.60267093  .00036100  00000+0  31816-3 0  9997
2 41886  34.9397 277.7822 0005642 262.6901  97.3186 15.67622491536294
LEGION 3
1 60452U 24146A   26213.27478943  .00003721  00000+0  20523-3 0  9999
2 60452  45.0004 148.8341 0006573  76.8686 283.2926 15.15764425108868
JASON-3
1 41240U 16002A   26213.59496630 -.00000070  00000+0 -31907-4 0  9998
2 41240  66.0420  30.3684 0008101 269.1001  90.9089 12.87629319493092
SENTINEL-6A
1 46984U 20086A   26213.60374842 -.00000066  00000+0 -21923-4 0  9999
2 46984  66.0413  40.7203 0007760 269.3724  90.6402 12.80930450266144
SWOT
1 54754U 22173A   26213.64750584  .00000101  00000+0  70512-4 0  9993
2 54754  77.6127 333.9398 0000107  68.6397 291.4766 14.00170344185511
SWARM B
1 39451U 13067A   26213.56395410  .00003566  00000+0  12615-3 0  9993
2 39451  87.7479 328.5365 0002307  99.1869 260.9641 15.28824873690171
SWARM A
1 39452U 13067B   26213.57715945  .00009164  00000+0  16263-3 0  9997
2 39452  87.3295  39.3639 0003057  85.7018 274.4592 15.50040677713285
TIMED
1 26998U 01055B   26213.23466465  .00001197  00000+0  11197-3 0  9994
2 26998  74.0682 144.3117 0002478 281.2625  78.8281 14.95380985337550
CRYOSAT 2
1 36508U 10013A   26213.56882063  .00000168  00000+0  41082-4 0  9992
2 36508  92.0345 288.3332 0002676  96.5044 263.6468 14.51902040864666
RESURS-DK 1
1 29228U 06021A   26213.44582029  .00001911  00000+0  11291-3 0  9998
2 29228  69.9303 222.3796 0007651 254.7533 105.2787 15.13378169109424
IRIDIUM 33
1 24946U 97051C   26213.40294710  .00000220  00000+0  70117-4 0  9991
2 24946  86.3912 330.9804 0008323 163.3948 196.7523 14.35165272511571
IRIDIUM 33 DEB
1 33773U 97051L   26213.38056365  .00000824  00000+0  23664-3 0  9992
2 33773  86.4044 322.4126 0013367 105.4795 254.7884 14.43717172916890
IRIDIUM 33 DEB
1 33775U 97051N   26213.29986878  .00001146  00000+0  34213-3 0  9995
2 33775  86.3651 310.6583 0015235 115.9206 298.1766 14.42127779914773
IRIDIUM 33 DEB
1 33776U 97051P   26213.45521747  .00000714  00000+0  22660-3 0  9997
2 33776  86.4077 343.4312 0015615 150.0161 279.7841 14.38592217914130
IRIDIUM 33 DEB
1 33777U 97051Q   26213.64395814  .00003309  00000+0  72935-3 0  9996
2 33777  86.3781 294.2120 0006886 175.4361 184.6912 14.57140779919091
IRIDIUM 33 DEB
1 33850U 97051T   26213.46215345  .00000896  00000+0  26262-3 0  9998
2 33850  86.3407 290.5035 0013927 120.4970 250.6841 14.42767541914931
IRIDIUM 33 DEB
1 33860U 97051AD  26213.48212383  .00004609  00000+0  75300-3 0  9993
2 33860  86.3804 284.3504 0006074 245.9788 126.8030 14.70685653921251
IRIDIUM 33 DEB
1 33862U 97051AF  26213.49647815  .00002941  00000+0  43744-3 0  9992
2 33862  86.4084 294.9137 0046280 346.7011  25.2181 14.73898561922331
IRIDIUM 33 DEB
1 33866U 97051AK  26213.42315785  .00003773  00000+0  14510-2 0  9999
2 33866  86.3041 354.9052 0114690 136.4580 279.1651 14.26594234901120
IRIDIUM 33 DEB
1 33953U 97051BN  26213.29736269  .00002770  00000+0  60549-3 0  9995
2 33953  86.3873 313.1203 0017345  46.9223   6.8950 14.57384285916741
IRIDIUM 33 DEB
1 33960U 97051BV  26213.67213141  .00014072  00000+0  12772-2 0  9996
2 33960  86.2577 179.1694 0003873  67.3831  55.4252 14.95196909923239
IRIDIUM 33 DEB
1 34071U 97051CE  26213.59171098  .00001613  00000+0  40687-3 0  9999
2 34071  86.3426 276.9623 0009402  65.6749 294.5436 14.50505222916941
IRIDIUM 33 DEB
1 34077U 97051CL  26213.29136311  .00005845  00000+0  10031-2 0  9991
2 34077  86.3865 309.1768 0006592 315.3625 104.1570 14.68562244917276
IRIDIUM 33 DEB
1 34079U 97051CN  26213.66145104  .00010319  00000+0  10493-2 0  9998
2 34079  86.3706 262.4660 0005197 209.0361 274.2347 14.90673144924254
IRIDIUM 33 DEB
1 34088U 97051CX  26213.66857492  .00030015  00000+0  19965-2 0  9996
2 34088  86.3721 282.7153 0005157  99.2857  20.8829 15.07013846922173
IRIDIUM 33 DEB
1 34521U 97051HN  26213.62011388  .00004449  00000+0  80481-3 0  9994
2 34521  86.3773 288.2047 0004149 158.2637 201.8753 14.66185144918679
COSMOS 2251 DEB
1 33757U 93036E   26213.59875237  .00000058  00000+0  30916-4 0  9991
2 33757  74.0354 260.3276 0015540 225.1210 256.4229 14.32632147913167
COSMOS 2251 DEB
1 33758U 93036F   26213.55668356  .00002624  00000+0  64107-3 0  9999
2 33758  74.0282 137.7970 0016221 156.5875  17.9276 14.53033108916707
COSMOS 2251 DEB
1 33760U 93036H   26213.46198229  .00000144  00000+0  58813-4 0  9992
2 33760  74.0296 216.1321 0021737 262.3782 214.6060 14.35798744914505
COSMOS 2251 DEB
1 33761U 93036J   26213.37886846  .00000971  00000+0  29619-3 0  9991
2 33761  74.0350 182.1522 0023755 213.0819 306.9405 14.43123377915757
COSMOS 2251 DEB
1 33762U 93036K   26213.45432361  .00000039  00000+0  23343-4 0  9994
2 33762  74.0395 246.3799 0016434 256.9926 213.7259 14.33726042913686
COSMOS 2251 DEB
1 33764U 93036M   26213.43724045  .00000649  00000+0  21421-3 0  9998
2 33764  74.0315 204.6490 0020499 113.9877  47.6821 14.39925796914917
COSMOS 2251 DEB
1 33765U 93036N   26213.60785740  .00055324  00000+0  20124-2 0  9995
2 33765  73.9988  47.1220 0048622  79.9883 280.6799 15.26846253931389
COSMOS 2251 DEB
1 33766U 93036P   26213.62513562  .00001093  00000+0  37900-3 0  9994
2 33766  74.1850  73.6247 0063485 211.0885 148.6507 14.35604989910721
COSMOS 2251 DEB
1 33768U 93036R   26213.43818270  .00000216  00000+0  21057-3 0  9991
2 33768  74.0670 205.8352 0368024 312.1031 204.3071 13.58632008864429
COSMOS 2251 DEB
1 33779U 93036U   26213.10747279  .00009794  00000+0  14374-2 0  9990
2 33779  74.0426  80.0071 0014936  65.2608  59.3558 14.75548459919354
COSMOS 2251 DEB
1 33819U 93036BL  26213.54947057  .00001723  00000+0  61123-3 0  9998
2 33819  74.1794 150.2485 0089585 305.5506 168.6359 14.32987834908152
COSMOS 2251 DEB
1 33821U 93036BN  26213.67368172  .00033338  00000+0  77645-3 0  9993
2 33821  74.0254   6.2194 0034039 337.0411  22.9273 15.41500478785562
COSMOS 2251 DEB
1 33822U 93036BP  26213.28204961  .00001443  00000+0  68856-3 0  9992
2 33822  74.0680 144.4289 0150589 135.2353  18.6864 14.14292924893266
COSMOS 2251 DEB
1 33823U 93036BQ  26213.43951911  .00000845  00000+0  49619-3 0  9995
2 33823  73.8091 103.0699 0207972 188.0625 347.3036 13.99427553888507
COSMOS 2251 DEB
1 33825U 93036BS  26213.63034875  .00005496  00000+0  81600-3 0  9993
2 33825  73.9832 295.3838 0076625 207.7045 262.8880 14.73275585922918
COSMOS 2251 DEB
1 33826U 93036BT  26213.51135937  .00001404  00000+0  32096-3 0  9992
2 33826  74.0644 333.0632 0083446 320.6673 123.0618 14.54577009911364
COSMOS 2251 DEB
1 33828U 93036BV  26213.31350742  .00000952  00000+0  27940-3 0  9994
2 33828  74.0459 167.2067 0029015 187.7906 289.3105 14.44960139916576
COSMOS 2251 DEB
1 33830U 93036BX  26213.21532454  .00003743  00000+0  49844-3 0  9996
2 33830  74.0316 135.4658 0042366 199.6291 310.9374 14.79432032928922
COSMOS 2251 DEB
1 33832U 93036BZ  26213.50374671  .00004596  00000+0  89056-3 0  9991
2 33832  74.0546 126.6303 0021869 104.4058  71.0511 14.63419643918123
COSMOS 2251 DEB
1 33835U 93036CC  26213.54345998  .00002514  00000+0  47325-3 0  9999
2 33835  74.0567  16.9461 0054824  10.0108  50.5331 14.64170954921801
COSMOS 2251 DEB
1 33836U 93036CD  26213.56213142  .00007993  00000+0  96750-3 0  9999
2 33836  73.9964 159.8902 0024339 304.9409 171.5073 14.83599855675220
COSMOS 2251 DEB
1 33837U 93036CE  26213.37378412  .00000823  00000+0  21306-3 0  9991
2 33837  74.0138 339.3273 0033431 145.1939 215.1418 14.51135568921558
COSMOS 2251 DEB
1 33838U 93036CF  26213.09403840  .00000928  00000+0  25113-3 0  9991
2 33838  74.0358  76.3001 0026372 141.4658  13.2036 14.48966864919190
COSMOS 2251 DEB
1 33839U 93036CG  26213.23992642  .00000814  00000+0  15031-3 0  9993
2 33839  74.0393 121.4052 0083821 175.7327 347.0525 14.64991015929694
COSMOS 2251 DEB
1 33911U 93036DQ  26212.74612008  .00008120  00000+0  10642-2 0  9994
2 33911  74.0881  69.7677 0009974 296.9562 182.7560 14.80445046920575
COSMOS 2251 DEB
1 33912U 93036DR  26213.42081196  .00002039  00000+0  49853-3 0  9999
2 33912  74.0341 112.7684 0010685 142.7353 338.9889 14.53181996917971
COSMOS 2251 DEB
1 33913U 93036DS  26213.16152929  .00001201  00000+0  31748-3 0  9998
2 33913  74.0335 109.7233 0047166 156.5030 325.3362 14.49317239918096
COSMOS 2251 DEB
1 33914U 93036DT  26213.63252983  .00000290  00000+0  24506-3 0  9993
2 33914  74.0912 352.8008 0303656  41.7092 331.1699 13.72260813872627
COSMOS 2251 DEB
1 33915U 93036DU  26213.43818032  .00000665  00000+0  22485-3 0  9995
2 33915  74.0441 329.2431 0106241   4.2008  62.0808 14.35661705910827
COSMOS 2251 DEB
1 33916U 93036DV  26213.58623174  .00000442  00000+0  37187-3 0  9991
2 33916  74.0515  19.5873 0324002 139.9733 293.5936 13.68799662870633
COSMOS 2251 DEB
1 33917U 93036DW  26213.09884437  .00000457  00000+0  36769-3 0  9990
2 33917  74.1047 102.8224 0333645 149.1223 212.9998 13.69930368869015
COSMOS 2251 DEB
1 33920U 93036DZ  26213.01413924  .00004775  00000+0  96262-3 0  9996
2 33920  74.0573 217.6695 0031944 174.8309 185.3195 14.61440673914905
