NOAA 15
1 25338U 98030A   26208.84932499  .00000137  00000+0  73470-4 0  9992
2 25338  98.5065 228.3826 0009377 223.2715 136.7730 14.27157483467090
NOAA 20 (JPSS-1)
1 43013U 17073A   26208.81285059  .00000052  00000+0  45598-4 0  9996
2 43013  98.7774 147.9159 0001766 110.1756 249.9610 14.19518494450233
NOAA 21 (JPSS-2)
1 54234U 22150A   26208.77445989  .00000049  00000+0  43680-4 0  9996
2 54234  98.7060 146.8821 0002929  82.3720 277.7789 14.19542899192308
TERRA
1 25994U 99068A   26208.89939765  .00000408  00000+0  91993-4 0  9991
2 25994  97.9433 256.8264 0003694  98.0964 314.1372 14.61132341415554
AQUA
1 27424U 02022A   26208.90152564  .00000808  00000+0  17051-3 0  9997
2 27424  98.4308 179.0050 0001452 101.0911 285.0187 14.62145209289228
AURA
1 28376U 04026A   26208.86272031  .00000811  00000+0  17367-3 0  9991
2 28376  98.3440 165.6595 0001499  93.2177 266.9195 14.61384415172156
LANDSAT 8
1 39084U 13008A   26208.88337140  .00000329  00000+0  83224-4 0  9994
2 39084  98.2282 278.5306 0001304  91.8094 268.3253 14.57101562703828
LANDSAT 9
1 49260U 21088A   26208.64314778  .00000341  00000+0  85706-4 0  9995
2 49260  98.2262 278.3264 0001084  98.2628 261.8693 14.57102956256897
SENTINEL-1A
1 39634U 14016A   26208.96194598 -.00000088  00000+0 -89444-5 0  9997
2 39634  98.1654 215.8871 0001401  84.9073 275.2287 14.59175032655960
SENTINEL-2A
1 40697U 15028A   26208.91401500 -.00000193  00000+0 -56831-4 0  9991
2 40697  98.5677 283.1835 0001367  95.0582 265.0757 14.30816172579552
SENTINEL-3A
1 41335U 16011A   26208.89186736  .00000107  00000+0  62098-4 0  9997
2 41335  98.6229 275.6861 0001230  86.8371 273.2950 14.26737265543865
SENTINEL-5P
1 42969U 17064A   26208.59027022  .00000049  00000+0  44376-4 0  9993
2 42969  98.7931 150.4362 0001227  91.1910 268.9407 14.19525033455297
ISS (ZARYA)
1 25544U 98067A   26208.82999464  .00012208  00000+0  22756-3 0  9996
2 25544  51.6325  98.9640 0006981 344.4565  15.6209 15.49215570578052
CSS (TIANHE)
1 48274U 21035A   26208.71262562  .00019844  00000+0  25636-3 0  9995
2 48274  41.4686  75.9459 0001214 307.6750  52.3978 15.58480055299499
HST
1 20580U 90037B   26208.88461604  .00006726  00000+0  20937-3 0  9993
2 20580  28.4723 162.3260 0001686 236.6558 123.3877 15.31178801794814
CYGFM05
1 41884U 16078A   26208.75179455  .00027119  00000+0  34392-3 0  9991
2 41884  34.9580 351.6257 0005644 174.4461 185.6327 15.58411217535089
CYGFM04
1 41885U 16078B   26208.65323514  .00033496  00000+0  34444-3 0  9991
2 41885  34.9332 317.8266 0004898 218.3991 141.6387 15.63802748535330
CYGFM02
1 41886U 16078C   26208.63490334  .00040079  00000+0  35879-3 0  9993
2 41886  34.9412 311.2186 0005519 219.5949 140.4376 15.67225189535513
LEGION 3
1 60452U 24146A   26208.92502661  .00004193  00000+0  22969-3 0  9990
2 60452  45.0001 172.1518 0006734  47.9655 312.1796 15.15730963108200
JASON-3
1 41240U 16002A   26208.85711018 -.00000030  00000+0  12902-3 0  9999
2 41240  66.0416  40.3300 0008109 269.5386  90.4703 12.87629221492483
SENTINEL-6A
1 46984U 20086A   26208.84111827 -.00000040  00000+0  90713-4 0  9995
2 46984  66.0410  50.6132 0007765 269.4074  90.6051 12.80930372265531
SWOT
1 54754U 22173A   26208.78860501 -.00000026  00000+0 -15839-4 0  9992
2 54754  77.6123 340.4981 0000148  62.7255 297.3912 14.00169567184838
SWARM B
1 39451U 13067A   26208.91657654  .00003824  00000+0  13553-3 0  9996
2 39451  87.7473 329.9464 0002264  95.9629 264.1878 15.28791958689465
SWARM A
1 39452U 13067B   26208.79993775  .00010081  00000+0  17799-3 0  9999
2 39452  87.3292  41.1391 0002623  74.2894 285.8656 15.50200639712542
TIMED
1 26998U 01055B   26208.21706486  .00001313  00000+0  12247-3 0  9993
2 26998  74.0680 154.4151 0002432 286.5902  73.5016 14.95368480336805
CRYOSAT 2
1 36508U 10013A   26208.88225429  .00000105  00000+0  25284-4 0  9995
2 36508  92.0350 287.1944 0002597  97.9247 262.2255 14.51900840863989
RESURS-DK 1
1 29228U 06021A   26208.48857066  .00002034  00000+0  11984-3 0  9998
2 29228  69.9300 235.2150 0007676 258.8783 101.1520 15.13358426108677
IRIDIUM 33
1 24946U 97051C   26208.31319690  .00000231  00000+0  74009-4 0  9996
2 24946  86.3907 333.1150 0007689 178.9598 181.1616 14.35163238510841
IRIDIUM 33 DEB
1 33773U 97051L   26208.59816917  .00000981  00000+0  28263-3 0  9990
2 33773  86.4042 324.4387 0013174 118.7329 241.5198 14.43709659916203
IRIDIUM 33 DEB
1 33775U 97051N   26208.22879867  .00001360  00000+0  40745-3 0  9996
2 33775  86.3651 312.8244 0015003 130.0610 253.6234 14.42116392914046
IRIDIUM 33 DEB
1 33776U 97051P   26208.36971220  .00000774  00000+0  24628-3 0  9998
2 33776  86.4070 345.5664 0015038 165.5915 223.5024 14.38585064913404
IRIDIUM 33 DEB
1 33777U 97051Q   26208.69952541  .00003678  00000+0  81172-3 0  9993
2 33777  86.3791 296.3669 0006276 191.7590 168.3473 14.57109199918373
IRIDIUM 33 DEB
1 33850U 97051T   26208.70399692  .00000929  00000+0  27273-3 0  9997
2 33850  86.3411 292.5513 0013609 133.9313  19.3643 14.42759086914245
IRIDIUM 33 DEB
1 33860U 97051AD  26208.67761946  .00005794  00000+0  94862-3 0  9992
2 33860  86.3813 286.4881 0005648 268.7342 243.7735 14.70637218920543
IRIDIUM 33 DEB
1 33862U 97051AF  26208.70248560  .00003755  00000+0  55945-3 0  9994
2 33862  86.4092 297.0415 0047013   3.7665 147.9823 14.73869137921626
IRIDIUM 33 DEB
1 33866U 97051AK  26208.88273398  .00004679  00000+0  18033-2 0  9996
2 33866  86.3030 356.8291 0114353 150.7861   1.3175 14.26558008900473
IRIDIUM 33 DEB
1 33953U 97051BN  26208.78475883  .00003354  00000+0  73437-3 0  9994
2 33953  86.3873 315.0833 0017786  60.8079  92.7484 14.57358535916086
IRIDIUM 33 DEB
1 33960U 97051BV  26208.39013678  .00014147  00000+0  12890-2 0  9996
2 33960  86.2566 181.6954 0004078  70.1864  81.5559 14.95045835922443
IRIDIUM 33 DEB
1 34071U 97051CE  26208.90065908  .00001686  00000+0  42561-3 0  9993
2 34071  86.3431 279.0051 0009722  77.9837 282.2457 14.50490783916262
IRIDIUM 33 DEB
1 34077U 97051CL  26208.74518270  .00007501  00000+0  12900-2 0  9991
2 34077  86.3864 311.1902 0006961 336.1384 184.6769 14.68500785916602
IRIDIUM 33 DEB
1 34079U 97051CN  26208.90477696  .00013218  00000+0  13483-2 0  9996
2 34079  86.3716 264.6559 0004399 227.9766 306.8763 14.90559010923547
IRIDIUM 33 DEB
1 34088U 97051CX  26208.20620293  .00035357  00000+0  23747-2 0  9994
2 34088  86.3749 285.2929 0005578 117.9898 271.0438 15.06632509921359
IRIDIUM 33 DEB
1 34521U 97051HN  26208.63788796  .00005046  00000+0  91423-3 0  9995
2 34521  86.3788 290.4078 0003550 170.1581 189.9702 14.66140709917947
COSMOS 2251 DEB
1 33757U 93036E   26208.93048148  .00000067  00000+0  34416-4 0  9995
2 33757  74.0361 268.8504 0015662 234.2091 300.4990 14.32631355912495
COSMOS 2251 DEB
1 33758U 93036F   26208.84735704  .00002931  00000+0  71554-3 0  9992
2 33758  74.0279 146.6870 0016312 167.2602 223.4151 14.53009261916023
COSMOS 2251 DEB
1 33760U 93036H   26208.43596361  .00000194  00000+0  76159-4 0  9990
2 33760  74.0296 225.3588 0021755 272.3322 156.2426 14.35796881913789
COSMOS 2251 DEB
1 33761U 93036J   26208.38591231  .00001125  00000+0  34188-3 0  9996
2 33761  74.0344 191.4242 0023930 223.3431 287.6425 14.43113837915039
COSMOS 2251 DEB
1 33762U 93036K   26208.86158948  .00000068  00000+0  33730-4 0  9992
2 33762  74.0401 254.7776 0016443 265.8756 269.3610 14.33725412913028
COSMOS 2251 DEB
1 33764U 93036M   26208.43295088  .00000737  00000+0  24219-3 0  9998
2 33764  74.0313 213.8962 0020578 124.9799  26.3166 14.39919151914198
COSMOS 2251 DEB
1 33765U 93036N   26208.03720993  .00050546  00000+0  18737-2 0  9993
2 33765  73.9994  58.9444 0050138  93.9664 266.7271 15.26179262930537
COSMOS 2251 DEB
1 33766U 93036P   26208.11994521  .00001085  00000+0  37651-3 0  9994
2 33766  74.1854  83.6334 0063663 222.6420 136.9783 14.35593424909932
COSMOS 2251 DEB
1 33768U 93036R   26208.19274861  .00000257  00000+0  24621-3 0  9995
2 33768  74.0665 214.3045 0368014 321.7149 108.5360 13.58629256863710
COSMOS 2251 DEB
1 33779U 93036U   26208.09501682  .00012030  00000+0  17685-2 0  9993
2 33779  74.0440  89.8069 0014757  75.7141  74.9365 14.75435674918614
COSMOS 2251 DEB
1 33819U 93036BL  26208.59238723  .00001920  00000+0  67996-3 0  9993
2 33819  74.1790 159.2254 0089666 315.7807 156.5378 14.32970365907447
COSMOS 2251 DEB
1 33821U 93036BN  26208.87052014  .00040884  00000+0  96309-3 0  9996
2 33821  74.0241  16.6287 0033462 349.0755  10.9722 15.41141593784822
COSMOS 2251 DEB
1 33822U 93036BP  26208.33113793  .00001647  00000+0  78470-3 0  9993
2 33822  74.0681 153.1859 0150575 145.3419  11.3268 14.14277941892569
COSMOS 2251 DEB
1 33823U 93036BQ  26208.42549946  .00000851  00000+0  49965-3 0  9990
2 33823  73.8095 111.8642 0208116 197.7742 287.0018 13.99419514887804
COSMOS 2251 DEB
1 33825U 93036BS  26208.75125699  .00005948  00000+0  88354-3 0  9990
2 33825  73.9840 304.9231 0076823 218.1887 305.9219 14.73219522922195
COSMOS 2251 DEB
1 33826U 93036BT  26208.84960236  .00001232  00000+0  28277-3 0  9995
2 33826  74.0642 341.8678 0083236 330.7935 191.8745 14.54564217910684
COSMOS 2251 DEB
1 33828U 93036BV  26208.86364837  .00001048  00000+0  30673-3 0  9992
2 33828  74.0455 175.4893 0029202 197.2798 181.7558 14.44951675915934
COSMOS 2251 DEB
1 33830U 93036BX  26208.79854858  .00004735  00000+0  62953-3 0  9996
2 33830  74.0314 144.1598 0042563 209.4812 187.6532 14.79395953928271
COSMOS 2251 DEB
1 33832U 93036BZ  26208.75830709  .00005331  00000+0  10330-2 0  9997
2 33832  74.0547 135.7238 0021842 115.0243 270.6823 14.63375332917439
COSMOS 2251 DEB
1 33835U 93036CC  26208.91431193  .00003055  00000+0  57424-3 0  9999
2 33835  74.0560  25.8286 0054691  20.1968 130.3173 14.64148122921124
COSMOS 2251 DEB
1 33836U 93036CD  26208.89333351  .00009807  00000+0  11879-2 0  9998
2 33836  73.9952 169.1601 0024400 315.1076  76.5611 14.83521778674534
COSMOS 2251 DEB
1 33837U 93036CE  26208.41010566  .00000948  00000+0  24450-3 0  9994
2 33837  74.0133 348.6784 0033653 155.8443 204.4305 14.51127080920833
COSMOS 2251 DEB
1 33838U 93036CF  26208.12256815  .00001041  00000+0  28068-3 0  9996
2 33838  74.0362  85.6201 0026506 152.3120   0.4113 14.48957041918475
COSMOS 2251 DEB
1 33839U 93036CG  26208.25322825  .00000865  00000+0  15933-3 0  9996
2 33839  74.0394 130.9950 0084047 186.6104 327.4313 14.64982860928966
COSMOS 2251 DEB
1 33911U 93036DQ  26208.82771844  .00009379  00000+0  12302-2 0  9994
2 33911  74.0891  77.4665 0009977 305.2972 180.1389 14.80377421919997
COSMOS 2251 DEB
1 33912U 93036DR  26208.19419793  .00002330  00000+0  56894-3 0  9992
2 33912  74.0337 122.6337 0010792 154.9361 355.3684 14.53159588917219
COSMOS 2251 DEB
1 33913U 93036DS  26208.19716627  .00001363  00000+0  35925-3 0  9996
2 33913  74.0339 119.0361 0047313 167.1887 343.5292 14.49304981917372
COSMOS 2251 DEB
1 33914U 93036DT  26208.67538484  .00000396  00000+0  32834-3 0  9994
2 33914  74.0907   0.9744 0303623  51.0612 322.1835 13.72257877871947
COSMOS 2251 DEB
1 33915U 93036DU  26208.78566608  .00000798  00000+0  26817-3 0  9996
2 33915  74.0440 337.7774 0106090  13.9359 136.1014 14.35655372910159
COSMOS 2251 DEB
1 33916U 93036DV  26208.75081126  .00000508  00000+0  42510-3 0  9998
2 33916  74.0510  27.5348 0324091 148.9874 226.2362 13.68795232869978
COSMOS 2251 DEB
1 33917U 93036DW  26208.13307595  .00000365  00000+0  29656-3 0  9999
2 33917  74.1052 110.9732 0333810 158.4586 203.0968 13.69925646868339
COSMOS 2251 DEB
1 33920U 93036DZ  26208.49610444  .00004987  00000+0  10059-2 0  9992
2 33920  74.0577 226.2987 0032087 184.5341 175.5541 14.61395980914245
