NOAA 15
1 25338U 98030A   26208.21834025  .00000140  00000+0  74669-4 0  9994
2 25338  98.5066 227.7687 0009337 225.3128 134.7293 14.27157293467008
NOAA 20 (JPSS-1)
1 43013U 17073A   26208.24896218  .00000041  00000+0  40308-4 0  9990
2 43013  98.7774 147.3570 0001755 110.8631 249.2734 14.19518362450156
NOAA 21 (JPSS-2)
1 54234U 22150A   26208.28106554  .00000047  00000+0  42738-4 0  9995
2 54234  98.7060 146.3970 0002941  83.2632 276.8878 14.19542801192238
TERRA
1 25994U 99068A   26208.29810117  .00000419  00000+0  94299-4 0  9998
2 25994  97.9434 256.2491 0003685  99.3105  31.9495 14.61131896415466
AQUA
1 27424U 02022A   26208.30077918  .00000819  00000+0  17276-3 0  9991
2 27424  98.4308 178.3920 0001435 101.1730   4.6424 14.62144178289130
AURA
1 28376U 04026A   26208.31496997  .00000807  00000+0  17292-3 0  9992
2 28376  98.3439 165.1070 0001490  93.4036 266.7335 14.61383432172077
LANDSAT 8
1 39084U 13008A   26208.19667135  .00000323  00000+0  81685-4 0  9991
2 39084  98.2282 277.8522 0001298  91.6587 268.4760 14.57101053703725
LANDSAT 9
1 49260U 21088A   26208.16245826  .00000339  00000+0  85427-4 0  9996
2 49260  98.2262 277.8516 0001086  97.4850 262.6472 14.57102553256821
SENTINEL-1A
1 39634U 14016A   26208.27622006  .00000448  00000+0  10486-3 0  9997
2 39634  98.1655 215.2127 0001426  84.6952 275.4411 14.59176549655863
SENTINEL-2A
1 40697U 15028A   26208.28464377 -.00000181  00000+0 -52486-4 0  9991
2 40697  98.5675 282.5634 0001354  95.7122 264.4216 14.30816338579460
SENTINEL-3A
1 41335U 16011A   26208.26069862  .00000099  00000+0  59027-4 0  9996
2 41335  98.6229 275.0642 0001232  86.8575 273.2746 14.26737086543778
SENTINEL-5P
1 42969U 17064A   26208.23784170  .00000048  00000+0  43951-4 0  9995
2 42969  98.7931 150.0862 0001229  91.2262 268.9055 14.19525002455241
ISS (ZARYA)
1 25544U 98067A   26208.18492855  .00011370  00000+0  21265-3 0  9990
2 25544  51.6319 102.1568 0006995 342.0319  18.0422 15.49199954577957
CSS (TIANHE)
1 48274U 21035A   26205.70067244  .00011455  00000+0  15064-3 0  9995
2 48274  41.4690  94.2105 0001495 308.5106  51.5598 15.58352000299028
HST
1 20580U 90037B   26208.10248366  .00006351  00000+0  19736-3 0  9995
2 20580  28.4721 167.6751 0001683 226.7960 133.2495 15.31168988794696
CYGFM05
1 41884U 16078A   26207.79089708  .00025490  00000+0  32401-3 0  9994
2 41884  34.9579 358.0049 0005528 164.5650 195.5244 15.58359155534931
CYGFM04
1 41885U 16078B   26208.33404585  .00035290  00000+0  36307-3 0  9998
2 41885  34.9331 319.9632 0004897 215.6196 144.4204 15.63782502535283
CYGFM02
1 41886U 16078C   26207.99791624  .00039599  00000+0  35527-3 0  9992
2 41886  34.9411 315.5041 0005453 213.8343 146.2037 15.67173563535416
LEGION 3
1 60452U 24146A   26208.26596293  .00003910  00000+0  21516-3 0  9994
2 60452  45.0000 175.6848 0006806  43.8225 316.3193 15.15724819108100
JASON-3
1 41240U 16002A   26208.31342179 -.00000030  00000+0  12798-3 0  9991
2 41240  66.0417  41.4731 0008111 269.6095  90.3994 12.87629159492419
SENTINEL-6A
1 46984U 20086A   26207.98228324 -.00000037  00000+0  10412-3 0  9993
2 46984  66.0410  52.3971 0007765 269.3804  90.6322 12.80930361265428
SWOT
1 54754U 22173A   26208.28842504 -.00000015  00000+0 -84788-5 0  9998
2 54754  77.6122 341.1733 0000156  65.9880 294.1288 14.00169542184764
SWARM B
1 39451U 13067A   26208.26200820  .00003703  00000+0  13120-3 0  9999
2 39451  87.7470 330.1450 0002254  95.3267 264.8240 15.28786836689360
SWARM A
1 39452U 13067B   26208.28350837  .00009851  00000+0  17398-3 0  9997
2 39452  87.3293  41.3311 0002650  74.0902 286.0650 15.50190837712461
TIMED
1 26998U 01055B   26208.01635989  .00001303  00000+0  12162-3 0  9995
2 26998  74.0680 154.8192 0002431 286.7766  73.3151 14.95367956336774
CRYOSAT 2
1 36508U 10013A   26208.26197320  .00000100  00000+0  24082-4 0  9995
2 36508  92.0351 287.0437 0002578  98.1100 262.0400 14.51900742863897
RESURS-DK 1
1 29228U 06021A   26208.09198775  .00001993  00000+0  11755-3 0  9999
2 29228  69.9299 236.2419 0007672 259.1320 100.8983 15.13356631108619
IRIDIUM 33
1 24946U 97051C   26208.31319690  .00000231  00000+0  74009-4 0  9996
2 24946  86.3907 333.1150 0007688 178.9598 181.1616 14.35163238510840
IRIDIUM 33 DEB
1 33773U 97051L   26208.25161766  .00000980  00000+0  28241-3 0  9993
2 33773  86.4041 324.5855 0013151 119.7520 240.4992 14.43709052916153
IRIDIUM 33 DEB
1 33775U 97051N   26208.22879867  .00001360  00000+0  40745-3 0  9996
2 33775  86.3651 312.8244 0015003 130.0610 253.6234 14.42116392914046
IRIDIUM 33 DEB
1 33776U 97051P   26207.89921269  .00000777  00000+0  24726-3 0  9995
2 33776  86.4070 345.7639 0014980 167.0793 306.8892 14.38584399913334
IRIDIUM 33 DEB
1 33777U 97051Q   26208.21881080  .00003490  00000+0  77018-3 0  9996
2 33777  86.3791 296.5764 0006207 193.4000 166.7045 14.57105737918304
IRIDIUM 33 DEB
1 33850U 97051T   26208.19448755  .00000919  00000+0  26962-3 0  9998
2 33850  86.3411 292.7706 0013572 135.4154 253.2087 14.42758130914172
IRIDIUM 33 DEB
1 33860U 97051AD  26208.17789866  .00005567  00000+0  91141-3 0  9993
2 33860  86.3814 286.7105 0005630 271.1918 117.3829 14.70631747920477
IRIDIUM 33 DEB
1 33862U 97051AF  26208.20390189  .00003652  00000+0  54405-3 0  9990
2 33862  86.4091 297.2629 0047104   5.5362  22.5020 14.73865772921559
IRIDIUM 33 DEB
1 33866U 97051AK  26207.90097449  .00004274  00000+0  16472-2 0  9995
2 33866  86.3027 357.2452 0114261 153.9079 359.4431 14.26549354900338
IRIDIUM 33 DEB
1 33953U 97051BN  26208.28050826  .00003297  00000+0  72189-3 0  9994
2 33953  86.3872 315.3027 0017842  62.3602 327.3624 14.57355277916011
IRIDIUM 33 DEB
1 33960U 97051BV  26207.97182400  .00013949  00000+0  12714-2 0  9993
2 33960  86.2567 181.8954 0004090  70.0143 351.8098 14.95033861922389
IRIDIUM 33 DEB
1 34071U 97051CE  26208.14180810  .00001681  00000+0  42439-3 0  9998
2 34071  86.3431 279.3356 0009757  79.9600 280.2706 14.50488222916159
IRIDIUM 33 DEB
1 34077U 97051CL  26208.24309869  .00007128  00000+0  12259-2 0  9990
2 34077  86.3863 311.4126 0006996 338.4632  49.7727 14.68493521916537
IRIDIUM 33 DEB
1 34079U 97051CN  26208.13924649  .00012024  00000+0  12271-2 0  9994
2 34079  86.3718 265.0080 0004311 231.4551 158.3120 14.90540151923430
IRIDIUM 33 DEB
1 34088U 97051CX  26208.20620293  .00035357  00000+0  23747-2 0  9994
2 34088  86.3749 285.2929 0005578 117.9898 271.0438 15.06632509921359
IRIDIUM 33 DEB
1 34521U 97051HN  26207.95537899  .00004758  00000+0  86203-3 0  9994
2 34521  86.3788 290.7095 0003480 171.6614 188.4658 14.66133661917846
COSMOS 2251 DEB
1 33757U 93036E   26208.13336549  .00000066  00000+0  33704-4 0  9990
2 33757  74.0362 270.3057 0015681 235.7471 149.5052 14.32631226912382
COSMOS 2251 DEB
1 33758U 93036F   26208.23529233  .00002787  00000+0  68079-3 0  9990
2 33758  74.0278 147.8423 0016324 168.6307 261.7480 14.53005393915930
COSMOS 2251 DEB
1 33760U 93036H   26208.15728317  .00000192  00000+0  75197-4 0  9996
2 33760  74.0296 225.8703 0021749 272.8933 155.7979 14.35796760913748
COSMOS 2251 DEB
1 33761U 93036J   26208.02279303  .00001121  00000+0  34090-3 0  9998
2 33761  74.0344 192.0985 0023940 224.0972 201.1723 14.43113072914985
COSMOS 2251 DEB
1 33762U 93036K   26208.13582694  .00000062  00000+0  31714-4 0  9995
2 33762  74.0401 256.1046 0016442 267.2735 123.5079 14.33725292912920
COSMOS 2251 DEB
1 33764U 93036M   26208.13937344  .00000733  00000+0  24097-3 0  9993
2 33764  74.0313 214.4386 0020587 125.6194 304.4714 14.39918718914155
COSMOS 2251 DEB
1 33765U 93036N   26208.03720993  .00050546  00000+0  18737-2 0  9993
2 33765  73.9994  58.9444 0050138  93.9664 266.7271 15.26179262930537
COSMOS 2251 DEB
1 33766U 93036P   26208.11994521  .00001085  00000+0  37651-3 0  9994
2 33766  74.1854  83.6334 0063662 222.6420 136.9783 14.35593424909931
COSMOS 2251 DEB
1 33768U 93036R   26208.11727992  .00000257  00000+0  24625-3 0  9999
2 33768  74.0665 214.4264 0368013 321.8536  99.4136 13.58629222863705
COSMOS 2251 DEB
1 33779U 93036U   26208.09501682  .00012030  00000+0  17685-2 0  9993
2 33779  74.0440  89.8069 0014757  75.7141  74.9365 14.75435674918614
COSMOS 2251 DEB
1 33819U 93036BL  26208.02642252  .00001938  00000+0  68651-3 0  9995
2 33819  74.1789 160.2503 0089655 316.9481 116.9192 14.32968373907364
COSMOS 2251 DEB
1 33821U 93036BN  26208.28627237  .00037570  00000+0  88701-3 0  9991
2 33821  74.0240  17.8946 0033352 350.6214   9.4367 15.41095090784730
COSMOS 2251 DEB
1 33822U 93036BP  26208.33113793  .00001647  00000+0  78470-3 0  9993
2 33822  74.0681 153.1859 0150575 145.3419  11.3268 14.14277941892569
COSMOS 2251 DEB
1 33823U 93036BQ  26208.21772831  .00000849  00000+0  49880-3 0  9991
2 33823  73.8095 112.2286 0208123 198.1767 320.2674 13.99419178887773
COSMOS 2251 DEB
1 33825U 93036BS  26208.25038464  .00005770  00000+0  85738-3 0  9994
2 33825  73.9840 305.9024 0076853 219.2721 169.5254 14.73213702922128
COSMOS 2251 DEB
1 33826U 93036BT  26208.34206456  .00001214  00000+0  27865-3 0  9999
2 33826  74.0642 342.8264 0083218 331.8971  54.1743 14.54562827910615
COSMOS 2251 DEB
1 33828U 93036BV  26208.33516233  .00001046  00000+0  30627-3 0  9990
2 33828  74.0455 176.4730 0029225 198.4079 312.6517 14.44950506915858
COSMOS 2251 DEB
1 33830U 93036BX  26208.20937157  .00004421  00000+0  58820-3 0  9996
2 33830  74.0313 145.3195 0042581 210.8000 289.8009 14.79390258928188
COSMOS 2251 DEB
1 33832U 93036BZ  26208.23508976  .00004969  00000+0  96338-3 0  9997
2 33832  74.0547 136.7264 0021831 116.1844  34.2793 14.63369376917358
COSMOS 2251 DEB
1 33835U 93036CC  26207.95793067  .00003030  00000+0  56965-3 0  9995
2 33835  74.0561  27.6638 0054654  22.3194 129.2688 14.64142684920988
COSMOS 2251 DEB
1 33836U 93036CD  26207.95381596  .00008409  00000+0  10199-2 0  9999
2 33836  73.9950 171.0254 0024409 317.1618  98.9807 14.83503930674390
COSMOS 2251 DEB
1 33837U 93036CE  26207.78964356  .00000961  00000+0  24777-3 0  9995
2 33837  74.0133 349.8473 0033677 157.1890 203.0777 14.51125956920746
COSMOS 2251 DEB
1 33838U 93036CF  26208.12256815  .00001041  00000+0  28068-3 0  9996
2 33838  74.0362  85.6201 0026506 152.3120   0.4113 14.48957041918475
COSMOS 2251 DEB
1 33839U 93036CG  26208.25322826  .00000865  00000+0  15933-3 0  9997
2 33839  74.0394 130.9950 0084046 186.6104 327.4313 14.64982860928965
COSMOS 2251 DEB
1 33911U 93036DQ  26208.08923858  .00008923  00000+0  11712-2 0  9994
2 33911  74.0892  78.9174 0009995 307.0212 204.4638 14.80363697919881
COSMOS 2251 DEB
1 33912U 93036DR  26208.19419793  .00002330  00000+0  56894-3 0  9992
2 33912  74.0337 122.6337 0010792 154.9361 355.3684 14.53159588917219
COSMOS 2251 DEB
1 33913U 93036DS  26208.19716627  .00001363  00000+0  35925-3 0  9996
2 33913  74.0339 119.0361 0047313 167.1887 343.5292 14.49304981917372
COSMOS 2251 DEB
1 33914U 93036DT  26207.89376677  .00000395  00000+0  32786-3 0  9996
2 33914  74.0906   2.2632 0303650  52.5326  60.8887 13.72257167871838
COSMOS 2251 DEB
1 33915U 93036DU  26208.34412690  .00000797  00000+0  26803-3 0  9993
2 33915  74.0440 338.5874 0106072  14.8585  14.0647 14.35654688910098
COSMOS 2251 DEB
1 33916U 93036DV  26207.88525644  .00000508  00000+0  42472-3 0  9996
2 33916  74.0509  28.9574 0324099 150.6013 281.0759 13.68794372869855
COSMOS 2251 DEB
1 33917U 93036DW  26208.13307595  .00000365  00000+0  29656-3 0  9999
2 33917  74.1052 110.9732 0333810 158.4586 203.0968 13.69925646868339
COSMOS 2251 DEB
1 33920U 93036DZ  26208.08536679  .00004803  00000+0  96919-3 0  9991
2 33920  74.0577 227.0831 0032103 185.4332 174.6492 14.61392054914188
