NOAA 15
1 25338U 98030A   26203.87155428  .00000068  00000+0  45260-4 0  9998
2 25338  98.5065 223.5395 0009161 239.3782 120.6496 14.27155831466388
NOAA 20 (JPSS-1)
1 43013U 17073A   26203.87882556  .00000045  00000+0  42510-4 0  9995
2 43013  98.7772 143.0254 0001644 115.9335 244.2011 14.19517617449535
NOAA 21 (JPSS-2)
1 54234U 22150A   26203.84051430  .00000023  00000+0  31471-4 0  9990
2 54234  98.7059 142.0310 0002914  90.9390 269.2120 14.19541988191604
TERRA
1 25994U 99068A   26203.91024720  .00000287  00000+0  67347-4 0  9996
2 25994  97.9435 252.0364 0003648 107.6896 356.9651 14.61127958414826
AQUA
1 27424U 02022A   26203.91560834  .00000629  00000+0  13493-3 0  9993
2 27424  98.4303 173.9179 0001352 102.2720 334.9319 14.62136816288491
AURA
1 28376U 04026A   26203.86448430  .00000626  00000+0  13629-3 0  9995
2 28376  98.3435 160.6183 0001428  93.8003 266.3361 14.61376012171426
LANDSAT 8
1 39084U 13008A   26203.87045522  .00000232  00000+0  61697-4 0  9991
2 39084  98.2283 273.5786 0001332  91.6640 268.4711 14.57097943703098
LANDSAT 9
1 49260U 21088A   26203.90491612  .00000273  00000+0  70721-4 0  9997
2 49260  98.2263 273.6468 0001057  94.8854 265.2465 14.57099549256208
SENTINEL-1A
1 39634U 14016A   26203.95614882  .00000124  00000+0  35948-4 0  9992
2 39634  98.1700 210.9624 0001448  84.2278 275.9087 14.59173925655239
SENTINEL-2A
1 40697U 15028A   26203.94897638 -.00000022  00000+0  82885-5 0  9999
2 40697  98.5669 278.2905 0001342  96.8654 263.2682 14.30815589578847
SENTINEL-3A
1 41335U 16011A   26203.91264515  .00000063  00000+0  43920-4 0  9991
2 41335  98.6231 270.7797 0001299  87.0308 273.1021 14.26735830543156
SENTINEL-5P
1 42969U 17064A   26203.30384108  .00000033  00000+0  36599-4 0  9999
2 42969  98.7929 145.1869 0001192  92.0923 268.0389 14.19524130454546
ISS (ZARYA)
1 25544U 98067A   26203.79832414  .00009714  00000+0  18351-3 0  9992
2 25544  51.6313 123.8641 0006897 326.7338  33.3216 15.49102905577270
CSS (TIANHE)
1 48274U 21035A   26203.45756980  .00010144  00000+0  13442-3 0  9999
2 48274  41.4671 107.8074 0001199 305.3687  54.7038 15.58249100298673
HST
1 20580U 90037B   26203.21405009  .00005689  00000+0  17638-3 0  9993
2 20580  28.4723 201.1073 0002035 171.5650 188.4980 15.31110914793948
CYGFM05
1 41884U 16078A   26203.88291712  .00029391  00000+0  37636-3 0  9999
2 41884  34.9577  23.9441 0005266 122.5417 237.5817 15.58145909534323
CYGFM04
1 41885U 16078B   26203.73722765  .00034779  00000+0  36254-3 0  9992
2 41885  34.9331 350.7302 0004472 171.2900 188.7904 15.63455104534562
CYGFM02
1 41886U 16078C   26203.79327041  .00041520  00000+0  37784-3 0  9998
2 41886  34.9411 343.7857 0005146 172.8002 187.2800 15.66818040534753
LEGION 3
1 60452U 24146A   26203.85017082  .00003274  00000+0  18259-3 0  9991
2 60452  45.0000 199.3558 0007373  16.7191 343.3930 15.15686793107434
JASON-3
1 41240U 16002A   26203.88624373 -.00000043  00000+0  74846-4 0  9994
2 41240  66.0415  50.7816 0008125 270.1805  89.8282 12.87628968491841
SENTINEL-6A
1 46984U 20086A   26203.84425964 -.00000062  00000+0 -56716-5 0  9991
2 46984  66.0410  60.9926 0007778 269.5701  90.4423 12.80930270264894
SWOT
1 54754U 22173A   26203.85826147  .00000085  00000+0  59307-4 0  9994
2 54754  77.6119 347.1532 0000212  70.7792 289.3382 14.00172751184141
SWARM B
1 39451U 13067A   26203.87634679  .00003576  00000+0  12679-3 0  9990
2 39451  87.7464 331.4766 0002252  91.6172 268.5335 15.28754111688691
SWARM A
1 39452U 13067B   26203.89385321  .00011193  00000+0  19413-3 0  9997
2 39452  87.3303  42.9619 0003295  89.9243 270.2396 15.50713266711783
TIMED
1 26998U 01055B   26203.86844239  .00001043  00000+0  98120-4 0  9993
2 26998  74.0674 163.1713 0002377 292.0310  68.0622 14.95357069336153
CRYOSAT 2
1 36508U 10013A   26203.92000454  .00000068  00000+0  16040-4 0  9992
2 36508  92.0353 285.9884 0002508  98.7637 261.3854 14.51899898863261
RESURS-DK 1
1 29228U 06021A   26203.33295939  .00001431  00000+0  86164-4 0  9995
2 29228  69.9299 248.5646 0007524 263.4935  96.5374 15.13337369107894
IRIDIUM 33
1 24946U 97051C   26203.64177597  .00000188  00000+0  59011-4 0  9992
2 24946  86.3903 335.0746 0007105 194.6563 165.4429 14.35161198510175
IRIDIUM 33 DEB
1 33773U 97051L   26203.33057018  .00000694  00000+0  19825-3 0  9991
2 33773  86.4038 326.6705 0012841 133.5801 226.6468 14.43699576915441
IRIDIUM 33 DEB
1 33775U 97051N   26203.30172942  .00001011  00000+0  30134-3 0  9994
2 33775  86.3650 314.9289 0014636 144.1231 236.4959 14.42103406913339
IRIDIUM 33 DEB
1 33776U 97051P   26203.36182059  .00000601  00000+0  18977-3 0  9996
2 33776  86.4066 347.6692 0014417 181.5204 208.7045 14.38578050912686
IRIDIUM 33 DEB
1 33777U 97051Q   26203.34293069  .00003149  00000+0  69495-3 0  9990
2 33777  86.3786 298.7019 0005593 211.3383 148.7493 14.57072263917590
IRIDIUM 33 DEB
1 33850U 97051T   26203.71013603  .00000670  00000+0  19494-3 0  9997
2 33850  86.3413 294.7004 0013163 148.5669   3.5493 14.42749981913528
IRIDIUM 33 DEB
1 33860U 97051AD  26203.71037280  .00005433  00000+0  89056-3 0  9998
2 33860  86.3810 288.6990 0005525 294.1634 217.9546 14.70580071919811
IRIDIUM 33 DEB
1 33862U 97051AF  26203.74632544  .00003540  00000+0  52738-3 0  9991
2 33862  86.4086 299.2420 0047820  21.0935 131.1826 14.73831246920894
IRIDIUM 33 DEB
1 33866U 97051AK  26203.90283709  .00004008  00000+0  15459-2 0  9996
2 33866  86.3030 358.9400 0113838 166.6081 347.1197 14.26516902899766
IRIDIUM 33 DEB
1 33953U 97051BN  26203.77208024  .00002296  00000+0  50145-3 0  9994
2 33953  86.3870 317.2647 0018195  75.7663  76.1012 14.57324560915352
IRIDIUM 33 DEB
1 33960U 97051BV  26203.94895845  .00016256  00000+0  14860-2 0  9998
2 33960  86.2566 183.8184 0004446  71.6921 313.8550 14.94914616921780
IRIDIUM 33 DEB
1 34071U 97051CE  26203.65765965  .00001229  00000+0  30900-3 0  9997
2 34071  86.3434 281.2882 0009894  91.5916 268.6422 14.50473152915509
IRIDIUM 33 DEB
1 34077U 97051CL  26203.76909655  .00007281  00000+0  12540-2 0  9994
2 34077  86.3858 313.3950 0007559 357.3361 154.6800 14.68426894915875
IRIDIUM 33 DEB
1 34079U 97051CN  26203.66439516  .00013640  00000+0  13963-2 0  9995
2 34079  86.3716 267.0681 0003680 254.5660 260.2735 14.90420064922762
IRIDIUM 33 DEB
1 34088U 97051CX  26203.22916498  .00037427  00000+0  25384-2 0  9995
2 34088  86.3747 287.6396 0005901 134.1466 281.4751 15.06259442920604
IRIDIUM 33 DEB
1 34521U 97051HN  26203.65550310  .00004709  00000+0  85394-3 0  9996
2 34521  86.3781 292.6114 0002931 183.7653 176.3539 14.66090869917216
COSMOS 2251 DEB
1 33757U 93036E   26203.68991103  .00000032  00000+0  21255-4 0  9999
2 33757  74.0368 278.4179 0015761 244.3536 273.0988 14.32630521911746
COSMOS 2251 DEB
1 33758U 93036F   26203.27856692  .00002097  00000+0  51421-3 0  9998
2 33758  74.0268 157.1992 0016480 179.7482 253.7369 14.52979093915218
COSMOS 2251 DEB
1 33760U 93036H   26203.85866182  .00000141  00000+0  57703-4 0  9998
2 33760  74.0296 233.7615 0021729 281.3326 257.2954 14.35795067913129
COSMOS 2251 DEB
1 33761U 93036J   26203.74685648  .00000805  00000+0  24705-3 0  9995
2 33761  74.0339 200.0393 0024084 232.8816 307.0848 14.43103567914360
COSMOS 2251 DEB
1 33762U 93036K   26203.45903674  .00000017  00000+0  15426-4 0  9992
2 33762  74.0406 264.6556 0016426 276.2848 105.3568 14.33724537912250
COSMOS 2251 DEB
1 33764U 93036M   26203.77095339  .00000502  00000+0  16766-3 0  9995
2 33764  74.0311 222.5109 0020700 135.0987 339.5724 14.39912256913529
COSMOS 2251 DEB
1 33765U 93036N   26203.38228016  .00048911  00000+0  18380-2 0  9992
2 33765  73.9994  68.8134 0051615 104.9412 255.7511 15.25668810929824
COSMOS 2251 DEB
1 33766U 93036P   26203.93876022  .00000874  00000+0  30495-3 0  9998
2 33766  74.1858  91.2345 0063802 231.4339 128.1088 14.35584702909339
COSMOS 2251 DEB
1 33768U 93036R   26203.79794355  .00000147  00000+0  14933-3 0  9994
2 33768  74.0663 221.4006 0367931 329.7776 213.2831 13.58626852863115
COSMOS 2251 DEB
1 33779U 93036U   26203.73187400  .00013458  00000+0  19828-2 0  9993
2 33779  74.0435  98.3342 0014613  85.3200 300.7132 14.75322255917971
COSMOS 2251 DEB
1 33819U 93036BL  26203.89877361  .00001619  00000+0  57511-3 0  9995
2 33819  74.1785 167.7251 0089633 325.4831  63.8978 14.32952742906771
COSMOS 2251 DEB
1 33821U 93036BN  26203.87141872  .00043972  00000+0  10493-2 0  9992
2 33821  74.0246  27.4565 0033048   1.9611 358.1720 15.40753928784051
COSMOS 2251 DEB
1 33822U 93036BP  26203.30778956  .00001464  00000+0  69870-3 0  9994
2 33822  74.0675 162.0711 0150611 155.5810 355.4724 14.14261525891858
COSMOS 2251 DEB
1 33823U 93036BQ  26203.76007929  .00000661  00000+0  39169-3 0  9996
2 33823  73.8098 120.0467 0208283 206.8040 183.0612 13.99411918887155
COSMOS 2251 DEB
1 33825U 93036BS  26203.79283519  .00004957  00000+0  73828-3 0  9994
2 33825  73.9836 314.6180 0076970 228.8657 289.2171 14.73161187921460
COSMOS 2251 DEB
1 33826U 93036BT  26203.66309854  .00000881  00000+0  20419-3 0  9992
2 33826  74.0640 351.6632 0083077 342.0747  33.0855 14.54551638909939
COSMOS 2251 DEB
1 33828U 93036BV  26203.95016486  .00000865  00000+0  25470-3 0  9996
2 33828  74.0449 184.6348 0029407 207.6353 182.7836 14.44941672915222
COSMOS 2251 DEB
1 33830U 93036BX  26203.86079942  .00004617  00000+0  61451-3 0  9993
2 33830  74.0308 153.8786 0042746 220.4664 170.4778 14.79351274927540
COSMOS 2251 DEB
1 33832U 93036BZ  26203.83744010  .00004396  00000+0  85386-3 0  9994
2 33832  74.0539 145.1525 0021793 126.1493 266.8417 14.63324214916718
COSMOS 2251 DEB
1 33835U 93036CC  26203.91059227  .00002513  00000+0  47370-3 0  9995
2 33835  74.0552  35.4290 0054569  31.2683  36.1577 14.64118518920393
COSMOS 2251 DEB
1 33836U 93036CD  26203.90211264  .00008950  00000+0  10869-2 0  9999
2 33836  73.9949 179.0693 0024446 325.9875  61.1427 14.83433258673794
COSMOS 2251 DEB
1 33837U 93036CE  26203.86003789  .00000750  00000+0  19493-3 0  9999
2 33837  74.0128 357.2503 0033863 165.5783 194.6353 14.51118618920177
COSMOS 2251 DEB
1 33838U 93036CF  26203.95356542  .00000799  00000+0  21734-3 0  9992
2 33838  74.0366  93.4351 0026617 161.3898 213.7138 14.48948433917871
COSMOS 2251 DEB
1 33839U 93036CG  26203.79039189  .00000585  00000+0  10971-3 0  9994
2 33839  74.0394 139.5773 0084246 196.3283 190.7823 14.64974926928311
COSMOS 2251 DEB
1 33911U 93036DQ  26203.67382934  .00009067  00000+0  11923-2 0  9992
2 33911  74.0890  87.5904 0010023 316.3554  74.5623 14.80282143919237
COSMOS 2251 DEB
1 33912U 93036DR  26203.76451608  .00001685  00000+0  41362-3 0  9997
2 33912  74.0337 130.9944 0010883 165.1041 221.5168 14.53138592916576
COSMOS 2251 DEB
1 33913U 93036DS  26203.75572907  .00001010  00000+0  26836-3 0  9994
2 33913  74.0340 127.3677 0047465 176.7440 210.3231 14.49292983916736
COSMOS 2251 DEB
1 33914U 93036DT  26203.89150681  .00000300  00000+0  25223-3 0  9991
2 33914  74.0902   8.8626 0303593  60.0837  89.2206 13.72253473871281
COSMOS 2251 DEB
1 33915U 93036DU  26203.82033894  .00000525  00000+0  17964-3 0  9993
2 33915  74.0436 346.8855 0105984  24.3457  33.4953 14.35646637909446
COSMOS 2251 DEB
1 33916U 93036DV  26202.91552148  .00000373  00000+0  31673-3 0  9995
2 33916  74.0507  37.1260 0324163 159.8716 271.9578 13.68789614869175
COSMOS 2251 DEB
1 33917U 93036DW  26203.75149529  .00000245  00000+0  20415-3 0  9994
2 33917  74.1055 118.1649 0333939 166.6930 194.3275 13.69922399867733
COSMOS 2251 DEB
1 33920U 93036DZ  26203.49872321  .00004329  00000+0  87498-3 0  9993
2 33920  74.0578 235.8421 0032275 195.2012 164.8188 14.61347989913511
