NOAA 15
1 25338U 98030A   26206.60582331  .00000106  00000+0  60995-4 0  9994
2 25338  98.5066 226.1998 0009265 230.4740 129.5623 14.27156656466777
NOAA 20 (JPSS-1)
1 43013U 17073A   26206.55729663  .00000039  00000+0  39233-4 0  9993
2 43013  98.7773 145.6803 0001698 112.8933 247.2423 14.19518025449919
NOAA 21 (JPSS-2)
1 54234U 22150A   26206.58942734  .00000049  00000+0  44103-4 0  9994
2 54234  98.7060 144.7337 0002949  86.2792 273.8721 14.19542500191997
TERRA
1 25994U 99068A   26206.59181525  .00000374  00000+0  85145-4 0  9993
2 25994  97.9435 254.6110 0003678 102.4657  58.9752 14.61130276415216
AQUA
1 27424U 02022A   26206.59518560  .00000773  00000+0  16363-3 0  9998
2 27424  98.4305 176.6518 0001416 101.8438  31.5186 14.62141186288883
AURA
1 28376U 04026A   26206.60324750  .00000772  00000+0  16588-3 0  9997
2 28376  98.3437 163.3806 0001463  93.5578 266.5789 14.61380448171821
LANDSAT 8
1 39084U 13008A   26206.61726020  .00000301  00000+0  77005-4 0  9992
2 39084  98.2283 276.2920 0001315  91.6192 268.5157 14.57099877703498
LANDSAT 9
1 49260U 21088A   26206.17102841  .00000339  00000+0  85233-4 0  9999
2 49260  98.2261 275.8848 0001104  95.2952 264.8372 14.57101231256539
SENTINEL-1A
1 39634U 14016A   26206.56190672  .00000265  00000+0  65915-4 0  9991
2 39634  98.1656 213.5261 0001427  84.0305 276.1057 14.59175202655613
SENTINEL-2A
1 40697U 15028A   26206.60632050  .00000405  00000+0  17107-3 0  9997
2 40697  98.5672 280.9095 0001354  95.2911 264.8426 14.30817915579224
SENTINEL-3A
1 41335U 16011A   26206.57758153  .00000089  00000+0  54679-4 0  9993
2 41335  98.6230 273.4057 0001255  86.9452 273.1872 14.26736617543534
SENTINEL-5P
1 42969U 17064A   26206.33472746  .00000033  00000+0  36629-4 0  9995
2 42969  98.7930 148.1965 0001224  92.2225 267.9092 14.19524672454978
ISS (ZARYA)
1 25544U 98067A   26206.44322024  .00008631  00000+0  16367-3 0  9990
2 25544  51.6316 110.7757 0006908 336.1751  23.8916 15.49160253577689
CSS (TIANHE)
1 48274U 21035A   26205.70067244  .00011455  00000+0  15064-3 0  9995
2 48274  41.4690  94.2105 0001495 308.5106  51.5598 15.58352000299028
HST
1 20580U 90037B   26206.60338394  .00005840  00000+0  18102-3 0  9997
2 20580  28.4719 177.9281 0001789 205.9997 154.0510 15.31150436794464
CYGFM05
1 41884U 16078A   26206.57371493  .00026099  00000+0  33252-3 0  9995
2 41884  34.9577   6.0849 0005450 152.1000 208.0018 15.58296062534748
CYGFM04
1 41885U 16078B   26206.54650656  .00033743  00000+0  34893-3 0  9990
2 41885  34.9332 331.9292 0004748 199.2539 160.8008 15.63661558535004
CYGFM02
1 41886U 16078C   26206.53276753  .00040385  00000+0  36399-3 0  9995
2 41886  34.9412 325.3607 0005386 200.1462 159.9054 15.67058055535182
LEGION 3
1 60452U 24146A   26206.35466438  .00003895  00000+0  21449-3 0  9996
2 60452  44.9998 185.9305 0007025  31.9618 328.1685 15.15708147107814
JASON-3
1 41240U 16002A   26206.60468649 -.00000040  00000+0  87805-4 0  9995
2 41240  66.0416  45.0659 0008115 269.9054  90.1034 12.87629042492198
SENTINEL-6A
1 46984U 20086A   26206.57691675 -.00000048  00000+0  58538-4 0  9994
2 46984  66.0409  55.3163 0007767 269.4809  90.5316 12.80930330265248
SWOT
1 54754U 22173A   26206.64497664  .00000050  00000+0  35356-4 0  9992
2 54754  77.6121 343.3916 0000179  71.8862 288.2309 14.00169437184537
SWARM B
1 39451U 13067A   26206.56012094  .00003817  00000+0  13533-3 0  9998
2 39451  87.7467 330.6617 0002260  93.5914 266.5593 15.28774369689102
SWARM A
1 39452U 13067B   26206.54053597  .00009513  00000+0  16816-3 0  9996
2 39452  87.3298  41.9789 0002779  74.3884 285.7683 15.50158030712196
TIMED
1 26998U 01055B   26206.27691446  .00001227  00000+0  11474-3 0  9991
2 26998  74.0678 158.3217 0002412 289.2269  70.8655 14.95363205336519
CRYOSAT 2
1 36508U 10013A   26206.60789013  .00000090  00000+0  21515-4 0  9993
2 36508  92.0352 286.6417 0002555  98.4037 261.7460 14.51900419863655
RESURS-DK 1
1 29228U 06021A   26206.50565204  .00001902  00000+0  11247-3 0  9994
2 29228  69.9299 240.3495 0007632 260.5499  99.4805 15.13349895108371
IRIDIUM 33
1 24946U 97051C   26206.36096199  .00000231  00000+0  74103-4 0  9990
2 24946  86.3904 333.9339 0007452 185.3145 174.7973 14.35162450510561
IRIDIUM 33 DEB
1 33773U 97051L   26206.31092683  .00000939  00000+0  27051-3 0  9991
2 33773  86.4040 325.4078 0013043 125.2142 235.0282 14.43705330915876
IRIDIUM 33 DEB
1 33775U 97051N   26206.36326788  .00001304  00000+0  39027-3 0  9997
2 33775  86.3651 313.6213 0014877 135.3967 289.3444 14.42111329913775
IRIDIUM 33 DEB
1 33776U 97051P   26206.62725426  .00000744  00000+0  23663-3 0  9995
2 33776  86.4070 346.2981 0014818 170.9656 199.8388 14.38582458913155
IRIDIUM 33 DEB
1 33777U 97051Q   26206.50196460  .00003294  00000+0  72690-3 0  9990
2 33777  86.3790 297.3247 0005995 199.5531 160.5448 14.57093625918050
IRIDIUM 33 DEB
1 33850U 97051T   26206.52659698  .00000876  00000+0  25695-3 0  9997
2 33850  86.3412 293.4883 0013431 140.2764 230.9671 14.42755045913938
IRIDIUM 33 DEB
1 33860U 97051AD  26206.47335499  .00005430  00000+0  88936-3 0  9990
2 33860  86.3813 287.4691 0005560 279.8677  90.3381 14.70613182920222
IRIDIUM 33 DEB
1 33862U 97051AF  26206.45130200  .00003757  00000+0  55986-3 0  9992
2 33862  86.4089 298.0410 0047374  11.7001  83.3246 14.73853294921293
IRIDIUM 33 DEB
1 33866U 97051AK  26206.40399050  .00004012  00000+0  15466-2 0  9994
2 33866  86.3025 357.8797 0114133 158.6522 231.6768 14.26536466900128
IRIDIUM 33 DEB
1 33953U 97051BN  26206.28927312  .00003231  00000+0  70755-3 0  9990
2 33953  86.3869 316.1692 0018031  68.4207 321.1198 14.57342137915729
IRIDIUM 33 DEB
1 33960U 97051BV  26206.38372446  .00013524  00000+0  12340-2 0  9992
2 33960  86.2566 182.6545 0004251  70.0753  90.2286 14.94989406922140
IRIDIUM 33 DEB
1 34071U 97051CE  26206.62410177  .00001629  00000+0  41112-3 0  9990
2 34071  86.3432 279.9964 0009819  83.8894 276.3430 14.50483098915930
IRIDIUM 33 DEB
1 34077U 97051CL  26206.34103245  .00006724  00000+0  11569-2 0  9993
2 34077  86.3859 312.2552 0007212 346.8125  72.6523 14.68466857916256
IRIDIUM 33 DEB
1 34079U 97051CN  26206.61950404  .00011709  00000+0  11960-2 0  9996
2 34079  86.3721 265.7077 0004081 239.2135 281.2218 14.90504207923206
IRIDIUM 33 DEB
1 34088U 97051CX  26206.28744105  .00032305  00000+0  21781-2 0  9995
2 34088  86.3750 286.1976 0005717 124.2346 305.1575 15.06499911921064
IRIDIUM 33 DEB
1 34521U 97051HN  26206.24909388  .00004716  00000+0  85473-3 0  9993
2 34521  86.3786 291.4641 0003255 176.4876 183.6361 14.66117229917594
COSMOS 2251 DEB
1 33757U 93036E   26206.60601051  .00000058  00000+0  30771-4 0  9995
2 33757  74.0365 273.0942 0015710 238.7022 192.4180 14.32630952912166
COSMOS 2251 DEB
1 33758U 93036F   26206.60275509  .00002692  00000+0  65778-3 0  9991
2 33758  74.0275 150.9241 0016351 172.3527   2.0326 14.52996251915695
COSMOS 2251 DEB
1 33760U 93036H   26206.50284943  .00000184  00000+0  72473-4 0  9990
2 33760  74.0296 228.9075 0021742 276.1464 244.4334 14.35796043913502
COSMOS 2251 DEB
1 33761U 93036J   26206.44702465  .00001077  00000+0  32784-3 0  9990
2 33761  74.0343 195.0249 0023985 227.2932 294.8594 14.43109554914750
COSMOS 2251 DEB
1 33762U 93036K   26206.53842889  .00000053  00000+0  28519-4 0  9991
2 33762  74.0402 259.0252 0016444 270.3489 158.9148 14.33725001912696
COSMOS 2251 DEB
1 33764U 93036M   26206.12294234  .00000697  00000+0  22956-3 0  9995
2 33764  74.0312 218.1647 0020647 130.0013 291.7318 14.39915889913863
COSMOS 2251 DEB
1 33765U 93036N   26206.33276621  .00048218  00000+0  17970-2 0  9999
2 33765  74.0000  62.5588 0050532  98.0939 262.5999 15.25995692930270
COSMOS 2251 DEB
1 33766U 93036P   26206.09904181  .00001027  00000+0  35683-3 0  9991
2 33766  74.1856  87.3073 0063726 226.8710 132.7104 14.35589285909642
COSMOS 2251 DEB
1 33768U 93036R   26206.35829376  .00000242  00000+0  23362-3 0  9993
2 33768  74.0664 217.2665 0367982 325.0790 136.1048 13.58628245863460
COSMOS 2251 DEB
1 33779U 93036U   26206.13013182  .00014028  00000+0  20632-2 0  9994
2 33779  74.0437  93.6472 0014699  80.1930  78.3553 14.75390898918325
COSMOS 2251 DEB
1 33819U 93036BL  26206.35902674  .00001858  00000+0  65837-3 0  9990
2 33819  74.1787 163.2698 0089668 320.3912 155.4115 14.32961657907127
COSMOS 2251 DEB
1 33821U 93036BN  26205.94911807  .00040156  00000+0  95319-3 0  9997
2 33821  74.0243  22.9573 0033130 356.4741   3.6228 15.40928099784374
COSMOS 2251 DEB
1 33822U 93036BP  26206.35109603  .00001647  00000+0  78449-3 0  9994
2 33822  74.0679 156.6881 0150567 149.3803  10.1085 14.14271211892288
COSMOS 2251 DEB
1 33823U 93036BQ  26206.21576355  .00000785  00000+0  46240-3 0  9998
2 33823  73.8097 115.7399 0208190 202.0548 314.5441 13.99415897887495
COSMOS 2251 DEB
1 33825U 93036BS  26206.54918528  .00005401  00000+0  80332-3 0  9998
2 33825  73.9836 309.2284 0076923 222.9430 147.2252 14.73194153921874
COSMOS 2251 DEB
1 33826U 93036BT  26206.34711184  .00001145  00000+0  26332-3 0  9997
2 33826  74.0641 346.5941 0083146 336.2323  47.7192 14.54557921910320
COSMOS 2251 DEB
1 33828U 93036BV  26206.39721829  .00001019  00000+0  29855-3 0  9994
2 33828  74.0452 180.0802 0029308 202.5335 311.7934 14.44946504915575
COSMOS 2251 DEB
1 33830U 93036BX  26206.31257867  .00004397  00000+0  58531-3 0  9990
2 33830  74.0310 149.0529 0042650 215.0058 267.9282 14.79373534927901
COSMOS 2251 DEB
1 33832U 93036BZ  26206.59897690  .00004758  00000+0  92301-3 0  9990
2 33832  74.0545 139.8613 0021784 119.9243  54.8923 14.63353200917115
COSMOS 2251 DEB
1 33835U 93036CC  26206.50000008  .00003052  00000+0  57389-3 0  9996
2 33835  74.0561  30.4611 0054626  25.5286   4.6349 14.64134139920770
COSMOS 2251 DEB
1 33836U 93036CD  26206.35296796  .00008552  00000+0  10378-2 0  9997
2 33836  73.9949 174.2037 0024441 320.6599 189.6284 14.83476692674150
COSMOS 2251 DEB
1 33837U 93036CE  26206.41083702  .00000902  00000+0  23291-3 0  9996
2 33837  74.0130 352.4448 0033759 160.1590 200.0893 14.51123198920547
COSMOS 2251 DEB
1 33838U 93036CF  26206.64749337  .00000985  00000+0  26609-3 0  9992
2 33838  74.0364  88.3853 0026550 155.5160 225.9963 14.48953856918262
COSMOS 2251 DEB
1 33839U 93036CG  26206.27412324  .00000820  00000+0  15131-3 0  9991
2 33839  74.0395 134.8010 0084134 190.9244 329.7668 14.64979443928676
COSMOS 2251 DEB
1 33911U 93036DQ  26206.45075221  .00008185  00000+0  10755-2 0  9991
2 33911  74.0894  82.1361 0009988 310.5192 112.7204 14.80335153919646
COSMOS 2251 DEB
1 33912U 93036DR  26206.19791940  .00002222  00000+0  54302-3 0  9999
2 33912  74.0337 126.4015 0010831 159.5034 351.8231 14.53150220916926
COSMOS 2251 DEB
1 33913U 93036DS  26206.19571961  .00001320  00000+0  34817-3 0  9996
2 33913  74.0337 122.7904 0047378 171.5209 340.9274 14.49299721917086
COSMOS 2251 DEB
1 33914U 93036DT  26206.41891025  .00000384  00000+0  31903-3 0  9990
2 33914  74.0903   4.6950 0303611  55.3167 334.9042 13.72255804871637
COSMOS 2251 DEB
1 33915U 93036DU  26206.39362110  .00000745  00000+0  25092-3 0  9999
2 33915  74.0438 342.1653 0106023  18.9524  13.1277 14.35651271909817
COSMOS 2251 DEB
1 33916U 93036DV  26206.48848825  .00000467  00000+0  39238-3 0  9990
2 33916  74.0508  31.2531 0324128 153.2062 238.2814 13.68792833869665
COSMOS 2251 DEB
1 33917U 93036DW  26206.16136655  .00000326  00000+0  26635-3 0  9998
2 33917  74.1054 114.2095 0333869 162.1631 199.1550 13.69924176868066
COSMOS 2251 DEB
1 33920U 93036DZ  26206.51086343  .00004601  00000+0  92894-3 0  9999
2 33920  74.0581 230.0900 0032148 188.7656 171.2954 14.61376510913957
