NOAA 15
1 25338U 98030A   26201.97859825  .00000040  00000+0  33937-4 0  9997
2 25338  98.5064 221.6977 0009098 245.6070 114.4162 14.27155360466110
NOAA 20 (JPSS-1)
1 43013U 17073A   26201.90521465  .00000026  00000+0  33131-4 0  9994
2 43013  98.7772 141.0693 0001581 118.5078 241.6257 14.19517232449258
NOAA 21 (JPSS-2)
1 54234U 22150A   26201.86693530  .00000033  00000+0  36076-4 0  9990
2 54234  98.7059 140.0905 0002918  94.2458 265.9052 14.19541711191328
TERRA
1 25994U 99068A   26201.91437725  .00000208  00000+0  51387-4 0  9997
2 25994  97.9437 250.1202 0003606 111.5815 300.9591 14.61126471414536
AQUA
1 27424U 02022A   26201.92046237  .00000468  00000+0  10298-3 0  9999
2 27424  98.4300 171.8823 0001312 102.2922 279.2908 14.62133804288209
AURA
1 28376U 04026A   26201.87887622  .00000469  00000+0  10457-3 0  9995
2 28376  98.3433 158.6156 0001399  93.8472 266.2888 14.61373037171133
LANDSAT 8
1 39084U 13008A   26201.87901961  .00000172  00000+0  48277-4 0  9999
2 39084  98.2285 271.6113 0001341  91.7675 268.3677 14.57096671702807
LANDSAT 9
1 49260U 21088A   26201.91348254  .00000195  00000+0  53464-4 0  9997
2 49260  98.2265 271.6799 0001074  92.7210 267.4111 14.57098108255916
SENTINEL-1A
1 39634U 14016A   26201.96754328 -.00000021  00000+0  52623-5 0  9998
2 39634  98.1737 209.0049 0001433  84.6678 275.4685 14.59173566654948
SENTINEL-2A
1 40697U 15028A   26201.92100204 -.00000213  00000+0 -64760-4 0  9995
2 40697  98.5669 276.2918 0001319  95.4508 264.6825 14.30814477578553
SENTINEL-3A
1 41335U 16011A   26201.94901229  .00000034  00000+0  32107-4 0  9995
2 41335  98.6232 268.8448 0001309  88.9679 271.1651 14.26740781542877
SENTINEL-5P
1 42969U 17064A   26201.82364026  .00000021  00000+0  30746-4 0  9996
2 42969  98.7929 143.7171 0001181  92.5876 267.5435 14.19523916454330
ISS (ZARYA)
1 25544U 98067A   26201.79846070  .00005574  00000+0  10900-3 0  9995
2 25544  51.6312 133.7599 0006835 319.3995  40.6483 15.49066413576965
CSS (TIANHE)
1 48274U 21035A   26201.79118142  .00010456  00000+0  13855-3 0  9990
2 48274  41.4681 117.9120 0001779 306.1068  53.9605 15.58223807298413
HST
1 20580U 90037B   26201.71489371  .00003416  00000+0  10306-3 0  9991
2 20580  28.4721 211.3592 0002083 156.9288 203.1402 15.31093862793713
CYGFM05
1 41884U 16078A   26201.89668170  .00019167  00000+0  24700-3 0  9992
2 41884  34.9575  37.1242 0005287 100.2193 259.9128 15.58038315534015
CYGFM04
1 41885U 16078B   26201.69388319  .00023318  00000+0  24495-3 0  9999
2 41885  34.9331   4.4017 0004277 149.0942 211.0036 15.63317465534248
CYGFM02
1 41886U 16078C   26201.69058210  .00028676  00000+0  26335-3 0  9991
2 41886  34.9411 357.9232 0005031 150.2375 209.8639 15.66648843534420
LEGION 3
1 60452U 24146A   26201.87291426  .00001655  00000+0  99127-4 0  9992
2 60452  45.0013 209.9548 0007639   5.2969 354.7989 15.15675485107139
JASON-3
1 41240U 16002A   26201.94449878 -.00000057  00000+0  21483-4 0  9998
2 41240  66.0416  54.8643 0008131 270.3488  89.6599 12.87628888491593
SENTINEL-6A
1 46984U 20086A   26201.89236175 -.00000062  00000+0 -61804-5 0  9992
2 46984  66.0411  65.0469 0007785 269.6345  90.3778 12.80930248264646
SWOT
1 54754U 22173A   26201.85754531  .00000023  00000+0  17292-4 0  9998
2 54754  77.6117 349.8539 0000225  67.5415 292.5760 14.00172571183869
SWARM B
1 39451U 13067A   26201.91258656  .00002326  00000+0  82013-4 0  9992
2 39451  87.7466 332.0725 0002196  87.6110 272.5391 15.28741141688392
SWARM A
1 39452U 13067B   26201.89350571  .00007251  00000+0  12192-3 0  9991
2 39452  87.3302  43.7056 0003323  91.1864 268.9778 15.51527840711478
TIMED
1 26998U 01055B   26201.92827748  .00000731  00000+0  69836-4 0  9999
2 26998  74.0671 167.0779 0002359 294.0707  66.0231 14.95352412335865
CRYOSAT 2
1 36508U 10013A   26201.92132001  .00000054  00000+0  12611-4 0  9999
2 36508  92.0355 285.5025 0002473  98.8201 261.3287 14.51899463862970
RESURS-DK 1
1 29228U 06021A   26201.41611342  .00000982  00000+0  61107-4 0  9992
2 29228  69.9301 253.5278 0007419 265.4127  94.6192 15.13330043107601
IRIDIUM 33
1 24946U 97051C   26201.82898435  .00000157  00000+0  48113-4 0  9998
2 24946  86.3901 335.8351 0006883 201.0982 158.9931 14.35160476509916
IRIDIUM 33 DEB
1 33773U 97051L   26201.80573234  .00000471  00000+0  13263-3 0  9997
2 33773  86.4038 327.3166 0012724 137.9178 222.3003 14.43696647915225
IRIDIUM 33 DEB
1 33775U 97051N   26201.79539891  .00000726  00000+0  21479-3 0  9999
2 33775  86.3651 315.5723 0014498 148.4856 336.8959 14.42099406913111
IRIDIUM 33 DEB
1 33776U 97051P   26201.91779280  .00000496  00000+0  15540-3 0  9998
2 33776  86.4064 348.2756 0014235 186.3044 290.2242 14.38576162912479
IRIDIUM 33 DEB
1 33777U 97051Q   26201.76339605  .00001941  00000+0  42666-3 0  9990
2 33777  86.3790 299.3903 0005406 218.4963 141.5861 14.57061687917362
IRIDIUM 33 DEB
1 33850U 97051T   26201.76276285  .00000523  00000+0  15087-3 0  9998
2 33850  86.3415 295.5384 0012951 154.3210 329.7822 14.42746958913240
IRIDIUM 33 DEB
1 33860U 97051AD  26201.73185328  .00003034  00000+0  49599-3 0  9998
2 33860  86.3811 289.5796 0005574 304.4383 180.1450 14.70559088919523
IRIDIUM 33 DEB
1 33862U 97051AF  26201.77194988  .00002244  00000+0  33288-3 0  9996
2 33862  86.4087 300.1186 0048159  27.9146  95.6535 14.73816595920601
IRIDIUM 33 DEB
1 33866U 97051AK  26201.93297255  .00002812  00000+0  10831-2 0  9998
2 33866  86.3029 359.7746 0113616 172.9091 311.0603 14.26501637899481
IRIDIUM 33 DEB
1 33953U 97051BN  26201.35026697  .00001610  00000+0  35040-3 0  9996
2 33953  86.3869 318.3183 0018320  83.0455 331.3512 14.57311655915002
IRIDIUM 33 DEB
1 33960U 97051BV  26201.94675853  .00008546  00000+0  78184-3 0  9994
2 33960  86.2570 184.7754 0004538  74.2278 343.5029 14.94858986921489
IRIDIUM 33 DEB
1 34071U 97051CE  26201.72601322  .00000901  00000+0  22515-3 0  9998
2 34071  86.3436 282.1292 0009915  96.5488 263.6846 14.50467328915221
IRIDIUM 33 DEB
1 34077U 97051CL  26201.85571434  .00004648  00000+0  79978-3 0  9995
2 34077  86.3859 314.2426 0007830   4.6444 119.2820 14.68400942915594
IRIDIUM 33 DEB
1 34079U 97051CN  26201.92293508  .00008271  00000+0  84709-3 0  9992
2 34079  86.3714 267.8698 0003519 264.1697 273.2068 14.90376793922508
IRIDIUM 33 DEB
1 34088U 97051CX  26201.78018488  .00019621  00000+0  13366-2 0  9999
2 34088  86.3752 288.3228 0005931 138.9449 345.1112 15.06157252920388
IRIDIUM 33 DEB
1 34521U 97051HN  26201.74440624  .00002778  00000+0  50231-3 0  9996
2 34521  86.3782 293.4566 0002660 189.6415 170.4748 14.66073260916938
COSMOS 2251 DEB
1 33757U 93036E   26201.64537135  .00000027  00000+0  19474-4 0  9998
2 33757  74.0372 282.1504 0015790 248.2884 168.7403 14.32630198911456
COSMOS 2251 DEB
1 33758U 93036F   26201.90066895  .00001667  00000+0  41031-3 0  9992
2 33758  74.0267 159.8002 0016528 182.7996 246.2409 14.52972118915016
COSMOS 2251 DEB
1 33760U 93036H   26201.26010006  .00000073  00000+0  34148-4 0  9999
2 33760  74.0299 238.5317 0021677 286.4738 145.9494 14.35794156912757
COSMOS 2251 DEB
1 33761U 93036J   26201.28978714  .00000543  00000+0  16923-3 0  9993
2 33761  74.0337 204.6022 0024151 237.9063 142.3462 14.43098886914013
COSMOS 2251 DEB
1 33762U 93036K   26201.30455598  .00000012  00000+0  13835-4 0  9998
2 33762  74.0410 268.5948 0016405 280.4840 145.4668 14.33724310911949
COSMOS 2251 DEB
1 33764U 93036M   26201.83682302  .00000410  00000+0  13839-3 0  9998
2 33764  74.0312 226.0849 0020765 139.2447  33.5585 14.39910070913245
COSMOS 2251 DEB
1 33765U 93036N   26201.74285632  .00025755  00000+0  97572-3 0  9999
2 33765  73.9987  72.2869 0051864 108.9836 251.6995 15.25518967929570
COSMOS 2251 DEB
1 33766U 93036P   26201.84815997  .00000685  00000+0  24109-3 0  9995
2 33766  74.1859  95.0349 0063879 235.8056 123.7034 14.35580639909038
COSMOS 2251 DEB
1 33768U 93036R   26201.27359222  .00000078  00000+0  88767-4 0  9995
2 33768  74.0663 225.4764 0367862 334.4131 106.5414 13.58625999862774
COSMOS 2251 DEB
1 33779U 93036U   26201.77119201  .00007386  00000+0  10928-2 0  9994
2 33779  74.0432 102.1657 0014476  89.3865 327.6791 14.75271736917683
COSMOS 2251 DEB
1 33819U 93036BL  26201.94965039  .00001183  00000+0  42266-3 0  9996
2 33819  74.1782 171.2548 0089626 329.5221  89.1549 14.32945392906494
COSMOS 2251 DEB
1 33821U 93036BN  26201.92336627  .00027754  00000+0  66764-3 0  9993
2 33821  74.0247  31.6736 0032916   6.8929 353.2724 15.40603131783754
COSMOS 2251 DEB
1 33822U 93036BP  26201.94767780  .00001280  00000+0  61256-3 0  9991
2 33822  74.0672 164.4768 0150626 158.3511 270.6588 14.14257408891668
COSMOS 2251 DEB
1 33823U 93036BQ  26201.83573057  .00000615  00000+0  36518-3 0  9996
2 33823  73.8098 123.4217 0208368 210.5302 208.4072 13.99409195886887
COSMOS 2251 DEB
1 33825U 93036BS  26201.74906966  .00002716  00000+0  40732-3 0  9994
2 33825  73.9836 318.6138 0077016 233.2625 250.5235 14.73140799921169
COSMOS 2251 DEB
1 33826U 93036BT  26201.89613590  .00000783  00000+0  18219-3 0  9996
2 33826  74.0638 355.0004 0083047 345.9145 140.5531 14.54548504909672
COSMOS 2251 DEB
1 33828U 93036BV  26201.39404235  .00000543  00000+0  16282-3 0  9999
2 33828  74.0446 189.3927 0029508 213.0034 206.4226 14.44936598914859
COSMOS 2251 DEB
1 33830U 93036BX  26201.90563536  .00002848  00000+0  38129-3 0  9993
2 33830  74.0307 157.7267 0042817 224.8152 198.0039 14.79334433927257
COSMOS 2251 DEB
1 33832U 93036BZ  26201.92910608  .00003348  00000+0  65207-3 0  9996
2 33832  74.0539 148.8091 0021785 130.4575 293.7056 14.63307581916431
COSMOS 2251 DEB
1 33835U 93036CC  26201.93943138  .00001915  00000+0  36262-3 0  9991
2 33835  74.0551  39.2109 0054556  35.5817  86.5323 14.64107245920107
COSMOS 2251 DEB
1 33836U 93036CD  26201.94708797  .00005305  00000+0  64704-3 0  9992
2 33836  73.9949 182.9503 0024431 330.2312  60.8606 14.83401113673505
COSMOS 2251 DEB
1 33837U 93036CE  26201.44711312  .00000455  00000+0  12110-3 0  9990
2 33837  74.0125   1.7963 0033949 170.6797 189.5001 14.51114328919829
COSMOS 2251 DEB
1 33838U 93036CF  26201.95178133  .00000605  00000+0  16635-3 0  9998
2 33838  74.0368  97.1875 0026679 165.7275 211.9045 14.48944681917586
COSMOS 2251 DEB
1 33839U 93036CG  26201.95456434  .00000469  00000+0  89141-4 0  9993
2 33839  74.0392 143.1076 0084332 200.3042 228.8255 14.64972343928044
COSMOS 2251 DEB
1 33911U 93036DQ  26201.78781676  .00005003  00000+0  66081-3 0  9990
2 33911  74.0887  91.2948 0010039 320.3039 104.3668 14.80248448918952
COSMOS 2251 DEB
1 33912U 93036DR  26201.84333074  .00001375  00000+0  33890-3 0  9993
2 33912  74.0336 134.6204 0010930 169.5159 250.9397 14.53131255916294
COSMOS 2251 DEB
1 33913U 93036DS  26201.83063250  .00000722  00000+0  19399-3 0  9992
2 33913  74.0337 130.9787 0047528 180.8858 246.1794 14.49287933916452
COSMOS 2251 DEB
1 33914U 93036DT  26201.91855534  .00000229  00000+0  19669-3 0  9998
2 33914  74.0900  12.1160 0303590  63.8050  62.6126 13.72252055871017
COSMOS 2251 DEB
1 33915U 93036DU  26201.81081487  .00000392  00000+0  13638-3 0  9997
2 33915  74.0434 350.5717 0105932  28.5543  87.5941 14.35644005909150
COSMOS 2251 DEB
1 33916U 93036DV  26201.80740119  .00000248  00000+0  21653-3 0  9997
2 33916  74.0507  38.9474 0324191 161.9393 211.5381 13.68788272869022
COSMOS 2251 DEB
1 33917U 93036DW  26201.85280609  .00000217  00000+0  18288-3 0  9992
2 33917  74.1055 121.2813 0333993 170.2630 190.5185 13.69921307867476
COSMOS 2251 DEB
1 33920U 93036DZ  26201.10266202  .00002269  00000+0  46200-3 0  9991
2 33920  74.0581 240.4182 0032339 200.1396 159.8497 14.61327737913160
