NOAA 15
1 25338U 98030A   26207.30691771  .00000130  00000+0  70898-4 0  9991
2 25338  98.5066 226.8820 0009291 228.2260 131.8128 14.27156960466874
NOAA 20 (JPSS-1)
1 43013U 17073A   26207.26215733  .00000037  00000+0  38440-4 0  9997
2 43013  98.7773 146.3789 0001723 112.1425 247.9934 14.19518174450010
NOAA 21 (JPSS-2)
1 54234U 22150A   26207.29427667  .00000058  00000+0  47971-4 0  9992
2 54234  98.7060 145.4268 0002945  84.9456 275.2056 14.19542660192092
TERRA
1 25994U 99068A   26207.19497417  .00000432  00000+0  96916-4 0  9993
2 25994  97.9435 255.1901 0003674 101.3926 350.8093 14.61131048415303
AQUA
1 27424U 02022A   26207.28148544  .00000854  00000+0  17956-3 0  9995
2 27424  98.4306 177.3520 0001430 101.5841  42.1280 14.62142675288984
AURA
1 28376U 04026A   26207.21946809  .00000832  00000+0  17809-3 0  9994
2 28376  98.3438 164.0021 0001475  93.2479 266.8890 14.61381716171914
LANDSAT 8
1 39084U 13008A   26207.23529080  .00000344  00000+0  86391-4 0  9993
2 39084  98.2283 276.9025 0001309  91.5960 268.5389 14.57100487703583
LANDSAT 9
1 49260U 21088A   26207.20107857  .00000369  00000+0  92033-4 0  9995
2 49260  98.2261 276.9021 0001093  96.5553 263.5770 14.57102067256684
SENTINEL-1A
1 39634U 14016A   26207.31620510  .00000212  00000+0  54612-4 0  9998
2 39634  98.1656 214.2682 0001438  83.9950 276.1414 14.59175209655720
SENTINEL-2A
1 40697U 15028A   26207.23569189  .00000044  00000+0  33547-4 0  9995
2 40697  98.5674 281.5296 0001367  95.9036 264.2303 14.30816951579312
SENTINEL-3A
1 41335U 16011A   26207.27888036  .00000107  00000+0  62148-4 0  9996
2 41335  98.6230 274.0968 0001243  86.9434 273.1888 14.26736878543636
SENTINEL-5P
1 42969U 17064A   26207.25104179  .00000047  00000+0  43188-4 0  9992
2 42969  98.7930 149.1064 0001238  91.9931 268.1387 14.19524873455103
ISS (ZARYA)
1 25544U 98067A   26207.08830238  .00010158  00000+0  19105-3 0  9992
2 25544  51.6316 107.5836 0006934 338.3897  21.6798 15.49174705577787
CSS (TIANHE)
1 48274U 21035A   26205.70067244  .00011455  00000+0  15064-3 0  9995
2 48274  41.4690  94.2105 0001495 308.5106  51.5598 15.58352000299028
HST
1 20580U 90037B   26207.12481160  .00006250  00000+0  19420-3 0  9995
2 20580  28.4719 174.3618 0001732 214.0601 145.9884 15.31157574794542
CYGFM05
1 41884U 16078A   26206.76590489  .00025840  00000+0  32911-3 0  9998
2 41884  34.9577   4.8091 0005447 154.0339 206.0660 15.58306149534777
CYGFM04
1 41885U 16078B   26207.05724577  .00033330  00000+0  34421-3 0  9990
2 41885  34.9332 328.5102 0004802 204.2287 155.8214 15.63695169535080
CYGFM02
1 41886U 16078C   26206.66017604  .00039812  00000+0  35871-3 0  9994
2 41886  34.9413 324.5036 0005393 201.3514 158.6988 15.67068011535207
LEGION 3
1 60452U 24146A   26207.27736271  .00004050  00000+0  22245-3 0  9992
2 60452  44.9999 180.9843 0006917  37.6246 322.5116 15.15716769107957
JASON-3
1 41240U 16002A   26207.30371461 -.00000025  00000+0  14558-3 0  9995
2 41240  66.0416  43.5961 0008114 269.8670  90.1419 12.87629106492287
SENTINEL-6A
1 46984U 20086A   26206.88922043 -.00000046  00000+0  66774-4 0  9993
2 46984  66.0409  54.6676 0007768 269.4547  90.5578 12.80930314265285
SWOT
1 54754U 22173A   26207.21661088  .00000038  00000+0  27492-4 0  9997
2 54754  77.6121 342.6200 0000175  69.7927 290.3243 14.00169522184614
SWARM B
1 39451U 13067A   26207.28015182  .00004004  00000+0  14203-3 0  9993
2 39451  87.7468 330.4431 0002255  94.0724 266.0783 15.28780239689215
SWARM A
1 39452U 13067B   26207.25064017  .00009759  00000+0  17245-3 0  9993
2 39452  87.3296  41.7150 0002726  74.5498 285.6064 15.50171736712302
TIMED
1 26998U 01055B   26207.28044133  .00001331  00000+0  12411-3 0  9996
2 26998  74.0679 156.3010 0002423 287.8264  72.2656 14.95366228336661
CRYOSAT 2
1 36508U 10013A   26207.29709144  .00000108  00000+0  25989-4 0  9995
2 36508  92.0351 286.8092 0002564  98.3140 261.8358 14.51900619863759
RESURS-DK 1
1 29228U 06021A   26207.16662598  .00002076  00000+0  12217-3 0  9992
2 29228  69.9299 238.6381 0007649 259.9514 100.0789 15.13353407108478
IRIDIUM 33
1 24946U 97051C   26207.05818882  .00000233  00000+0  74586-4 0  9995
2 24946  86.3905 333.6414 0007538 183.0182 177.0971 14.35162734510664
IRIDIUM 33 DEB
1 33773U 97051L   26206.31092683  .00000939  00000+0  27051-3 0  9991
2 33773  86.4040 325.4078 0013043 125.2142 235.0282 14.43705330915876
IRIDIUM 33 DEB
1 33775U 97051N   26207.25883120  .00001424  00000+0  42687-3 0  9993
2 33775  86.3651 313.2387 0014940 132.8176 258.3759 14.42114241913904
IRIDIUM 33 DEB
1 33776U 97051P   26206.62725426  .00000744  00000+0  23663-3 0  9995
2 33776  86.4070 346.2981 0014818 170.9656 199.8388 14.38582458913155
IRIDIUM 33 DEB
1 33777U 97051Q   26207.25737839  .00003555  00000+0  78463-3 0  9998
2 33777  86.3790 296.9954 0006082 196.7073 163.3936 14.57099663918161
IRIDIUM 33 DEB
1 33850U 97051T   26207.22366263  .00000956  00000+0  28071-3 0  9998
2 33850  86.3411 293.1884 0013493 138.2263 251.2158 14.42756655914030
IRIDIUM 33 DEB
1 33860U 97051AD  26207.22506176  .00005591  00000+0  91559-3 0  9999
2 33860  86.3814 287.1344 0005579 275.9759 111.3339 14.70622101920333
IRIDIUM 33 DEB
1 33862U 97051AF  26207.25323756  .00003822  00000+0  56953-3 0  9999
2 33862  86.4089 297.6849 0047259   8.8975  18.3143 14.73859718921418
IRIDIUM 33 DEB
1 33866U 97051AK  26206.91967203  .00004058  00000+0  15641-2 0  9996
2 33866  86.3026 357.6612 0114173 157.0224 359.9493 14.26540921900196
IRIDIUM 33 DEB
1 33953U 97051BN  26207.25015279  .00003435  00000+0  75240-3 0  9998
2 33953  86.3871 315.7511 0017936  65.4776 322.0103 14.57349184915868
IRIDIUM 33 DEB
1 33960U 97051BV  26206.38372446  .00013524  00000+0  12340-2 0  9992
2 33960  86.2566 182.6545 0004251  70.0753  90.2286 14.94989406922140
IRIDIUM 33 DEB
1 34071U 97051CE  26207.17599557  .00001774  00000+0  44818-3 0  9998
2 34071  86.3432 279.7561 0009805  82.4288 277.8031 14.50485614916017
IRIDIUM 33 DEB
1 34077U 97051CL  26207.28905148  .00007164  00000+0  12324-2 0  9998
2 34077  86.3861 311.8352 0007099 342.7722  45.1333 14.68481006916395
IRIDIUM 33 DEB
1 34079U 97051CN  26207.20475721  .00012648  00000+0  12914-2 0  9999
2 34079  86.3721 265.4383 0004151 236.1285 182.5947 14.90519572923295
IRIDIUM 33 DEB
1 34088U 97051CX  26207.20991581  .00036216  00000+0  24365-2 0  9996
2 34088  86.3749 285.7627 0005649 121.0980 267.9701 15.06564273921209
IRIDIUM 33 DEB
1 34521U 97051HN  26207.20461567  .00005047  00000+0  91484-3 0  9999
2 34521  86.3787 291.0415 0003373 173.6535 186.4722 14.66127542917739
COSMOS 2251 DEB
1 33757U 93036E   26207.15633213  .00000067  00000+0  34097-4 0  9996
2 33757  74.0364 272.0895 0015699 237.6346 150.6157 14.32631088912244
COSMOS 2251 DEB
1 33758U 93036F   26207.28675117  .00002863  00000+0  69909-3 0  9995
2 33758  74.0277 149.6329 0016331 170.7977 339.9688 14.53000490915794
COSMOS 2251 DEB
1 33760U 93036H   26207.18205897  .00000204  00000+0  79396-4 0  9990
2 33760  74.0296 227.6606 0021743 274.8223 155.0899 14.35796416913605
COSMOS 2251 DEB
1 33761U 93036J   26207.05201437  .00001093  00000+0  33234-3 0  9990
2 33761  74.0343 193.9013 0023998 226.2018 197.7186 14.43110907914846
COSMOS 2251 DEB
1 33762U 93036K   26207.15890378  .00000060  00000+0  30917-4 0  9999
2 33762  74.0402 257.8907 0016444 269.1633 121.3405 14.33725155912786
COSMOS 2251 DEB
1 33764U 93036M   26207.16719125  .00000760  00000+0  24946-3 0  9993
2 33764  74.0312 216.2351 0020611 127.7315 304.8880 14.39917515914019
COSMOS 2251 DEB
1 33765U 93036N   26206.98834586  .00051264  00000+0  19060-2 0  9997
2 33765  73.9997  61.1689 0050372  96.5579 264.1359 15.26066609930372
COSMOS 2251 DEB
1 33766U 93036P   26207.07465114  .00001033  00000+0  35871-3 0  9994
2 33766  74.1855  85.5337 0063694 224.8295 134.7704 14.35591081909784
COSMOS 2251 DEB
1 33768U 93036R   26207.16087700  .00000265  00000+0  25352-3 0  9996
2 33768  74.0665 215.9706 0367998 323.6072 101.5878 13.58628771863579
COSMOS 2251 DEB
1 33779U 93036U   26207.14625524  .00012265  00000+0  18040-2 0  9996
2 33779  74.0438  91.6611 0014709  77.9110  75.4704 14.75414220918473
COSMOS 2251 DEB
1 33819U 93036BL  26206.35902674  .00001858  00000+0  65837-3 0  9990
2 33819  74.1787 163.2698 0089668 320.3912 155.4115 14.32961657907127
COSMOS 2251 DEB
1 33821U 93036BN  26207.24756832  .00038083  00000+0  90143-3 0  9993
2 33821  74.0236  20.1447 0033211 353.2517   6.8239 15.41020129784579
COSMOS 2251 DEB
1 33822U 93036BP  26207.26992911  .00001737  00000+0  82701-3 0  9993
2 33822  74.0680 155.0630 0150561 147.5138   8.2576 14.14274800892415
COSMOS 2251 DEB
1 33823U 93036BQ  26207.21662339  .00000859  00000+0  50425-3 0  9999
2 33823  73.8096 113.9845 0208153 200.1155 316.7862 13.99417756887635
COSMOS 2251 DEB
1 33825U 93036BS  26207.23059722  .00005605  00000+0  83327-3 0  9990
2 33825  73.9837 307.8962 0076896 221.4734 161.0752 14.73202353921974
COSMOS 2251 DEB
1 33826U 93036BT  26206.34711184  .00001145  00000+0  26332-3 0  9997
2 33826  74.0641 346.5941 0083146 336.2323  47.7192 14.54557921910320
COSMOS 2251 DEB
1 33828U 93036BV  26207.20049634  .00001102  00000+0  32221-3 0  9996
2 33828  74.0454 178.5850 0029275 200.8178 170.3126 14.44948494915696
COSMOS 2251 DEB
1 33830U 93036BX  26207.26638609  .00004474  00000+0  59525-3 0  9992
2 33830  74.0311 147.1756 0042622 212.8882 307.6715 14.79382489928040
COSMOS 2251 DEB
1 33832U 93036BZ  26207.27864919  .00005038  00000+0  97674-3 0  9994
2 33832  74.0546 138.5590 0021783 118.3948  35.5146 14.63360625917213
COSMOS 2251 DEB
1 33835U 93036CC  26206.93273641  .00003039  00000+0  57128-3 0  9994
2 33835  74.0561  29.6308 0054616  24.5784 125.5465 14.64136704920833
COSMOS 2251 DEB
1 33836U 93036CD  26207.28192483  .00008462  00000+0  10266-2 0  9994
2 33836  73.9949 172.3594 0024430 318.6302 110.7176 14.83492695674295
COSMOS 2251 DEB
1 33837U 93036CE  26206.41083702  .00000902  00000+0  23291-3 0  9996
2 33837  74.0130 352.4448 0033759 160.1590 200.0893 14.51123198920547
COSMOS 2251 DEB
1 33838U 93036CF  26207.08667410  .00001001  00000+0  27028-3 0  9998
2 33838  74.0364  87.5620 0026535 154.5665 356.8835 14.48954781918324
COSMOS 2251 DEB
1 33839U 93036CG  26207.22829844  .00000901  00000+0  16571-3 0  9995
2 33839  74.0395 132.9661 0084094 188.8327 322.0303 14.64981374928814
COSMOS 2251 DEB
1 33911U 93036DQ  26206.79928642  .00008236  00000+0  10821-2 0  9993
2 33911  74.0894  81.4514 0009990 309.7280 170.1463 14.80341462919699
COSMOS 2251 DEB
1 33912U 93036DR  26207.23078064  .00002421  00000+0  59097-3 0  9997
2 33912  74.0337 124.4521 0010805 157.1553 355.2212 14.53155761917076
COSMOS 2251 DEB
1 33913U 93036DS  26207.23151031  .00001422  00000+0  37465-3 0  9999
2 33913  74.0339 120.8476 0047354 169.2620 345.2055 14.49302830917234
COSMOS 2251 DEB
1 33914U 93036DT  26207.17635014  .00000416  00000+0  34430-3 0  9992
2 33914  74.0905   3.4461 0303630  53.8873 116.7555 13.72256652871739
COSMOS 2251 DEB
1 33915U 93036DU  26206.83475019  .00000750  00000+0  25258-3 0  9991
2 33915  74.0439 341.3561 0106040  18.0260 133.0449 14.35651982909872
COSMOS 2251 DEB
1 33916U 93036DV  26207.24823473  .00000516  00000+0  43119-3 0  9995
2 33916  74.0509  30.0044 0324105 151.7887  22.0511 13.68793795869767
COSMOS 2251 DEB
1 33917U 93036DW  26207.18373490  .00000364  00000+0  29589-3 0  9994
2 33917  74.1053 112.5314 0333841 160.2406 201.2014 13.69925000868202
COSMOS 2251 DEB
1 33920U 93036DZ  26206.51086343  .00004601  00000+0  92894-3 0  9999
2 33920  74.0581 230.0900 0032148 188.7656 171.2954 14.61376510913957
