NOAA 15
1 25338U 98030A   26201.83837926  .00000036  00000+0  32448-4 0  9991
2 25338  98.5064 221.5613 0009093 246.0647 113.9582 14.27155314466092
NOAA 20 (JPSS-1)
1 43013U 17073A   26201.83472852  .00000031  00000+0  35500-4 0  9999
2 43013  98.7772 140.9994 0001577 118.6274 241.5061 14.19517244449248
NOAA 21 (JPSS-2)
1 54234U 22150A   26201.79645031  .00000026  00000+0  33011-4 0  9993
2 54234  98.7059 140.0212 0002917  94.3736 265.7774 14.19541667191316
TERRA
1 25994U 99068A   26201.85775983  .00000208  00000+0  51225-4 0  9992
2 25994  97.9437 250.0658 0003606 111.6949   3.2131 14.61126439414525
AQUA
1 27424U 02022A   26201.85836975  .00000398  00000+0  88898-4 0  9991
2 27424  98.4300 171.8190 0001312 102.3113 312.6287 14.62133353288198
AURA
1 28376U 04026A   26201.87887622  .00000469  00000+0  10457-3 0  9995
2 28376  98.3433 158.6156 0001400  93.8472 266.2888 14.61373037171136
LANDSAT 8
1 39084U 13008A   26201.81034939  .00000142  00000+0  41628-4 0  9995
2 39084  98.2285 271.5435 0001342  91.7554 268.3798 14.57096488702798
LANDSAT 9
1 49260U 21088A   26201.77614225  .00000161  00000+0  45773-4 0  9992
2 49260  98.2265 271.5442 0001077  92.6008 267.5313 14.57097871255895
SENTINEL-1A
1 39634U 14016A   26201.89897083 -.00000024  00000+0  46818-5 0  9998
2 39634  98.1737 208.9374 0001445  83.8886 276.2479 14.59173489654935
SENTINEL-2A
1 40697U 15028A   26201.85107179 -.00000189  00000+0 -55617-4 0  9998
2 40697  98.5668 276.2228 0001318  95.5973 264.5360 14.30814564578541
SENTINEL-3A
1 41335U 16011A   26201.80875294  .00000026  00000+0  28646-4 0  9996
2 41335  98.6232 268.7066 0001312  88.8974 271.2357 14.26740716542853
SENTINEL-5P
1 42969U 17064A   26201.82364025  .00000021  00000+0  30746-4 0  9995
2 42969  98.7929 143.7171 0001182  92.5876 267.5435 14.19523916454331
ISS (ZARYA)
1 25544U 98067A   26201.79846069  .00005574  00000+0  10900-3 0  9993
2 25544  51.6312 133.7599 0006836 319.3995  40.6483 15.49066413576966
CSS (TIANHE)
1 48274U 21035A   26201.79118141  .00010450  00000+0  13847-3 0  9994
2 48274  41.4681 117.9120 0001779 306.1178  53.9495 15.58223796298419
HST
1 20580U 90037B   26201.71489370  .00003416  00000+0  10306-3 0  9990
2 20580  28.4721 211.3592 0002084 156.9288 203.1402 15.31093862793714
CYGFM05
1 41884U 16078A   26201.76853295  .00017462  00000+0  22519-3 0  9994
2 41884  34.9574  37.9744 0005293  98.7009 261.4315 15.58032110533992
CYGFM04
1 41885U 16078B   26201.69388318  .00023318  00000+0  24495-3 0  9998
2 41885  34.9331   4.4017 0004277 149.0942 211.0036 15.63317465534248
CYGFM02
1 41886U 16078C   26201.69058209  .00028676  00000+0  26335-3 0  9999
2 41886  34.9411 357.9232 0005032 150.2375 209.8639 15.66648843534421
LEGION 3
1 60452U 24146A   26201.41155330  .00001327  00000+0  82208-4 0  9993
2 60452  45.0013 212.4280 0007693   2.7396 357.3524 15.15672199107062
JASON-3
1 41240U 16002A   26201.86682897 -.00000060  00000+0  77363-5 0  9992
2 41240  66.0416  55.0276 0008134 270.3471  89.6616 12.87628870491583
SENTINEL-6A
1 46984U 20086A   26201.89236175 -.00000062  00000+0 -61804-5 0  9992
2 46984  66.0411  65.0469 0007785 269.6345  90.3778 12.80930248264646
SWOT
1 54754U 22173A   26201.85754530  .00000023  00000+0  17292-4 0  9997
2 54754  77.6117 349.8539 0000225  67.5415 292.5760 14.00172571183869
SWARM B
1 39451U 13067A   26201.84712785  .00002109  00000+0  74254-4 0  9999
2 39451  87.7466 332.0924 0002198  87.9035 272.2466 15.28739648688382
SWARM A
1 39452U 13067B   26201.82900744  .00006641  00000+0  11161-3 0  9994
2 39452  87.3302  43.7296 0003330  91.3308 268.8334 15.51525725711463
TIMED
1 26998U 01055B   26201.32615627  .00000610  00000+0  58910-4 0  9991
2 26998  74.0670 168.2903 0002355 294.6968  65.3972 14.95350961335778
CRYOSAT 2
1 36508U 10013A   26201.85239984  .00000051  00000+0  11803-4 0  9998
2 36508  92.0355 285.4858 0002471  98.8331 261.3156 14.51899443862967
RESURS-DK 1
1 29228U 06021A   26201.41611342  .00000982  00000+0  61107-4 0  9992
2 29228  69.9301 253.5278 0007419 265.4127  94.6192 15.13330043107601
IRIDIUM 33
1 24946U 97051C   26201.82898434  .00000157  00000+0  48113-4 0  9997
2 24946  86.3901 335.8351 0006884 201.0982 158.9931 14.35160476509917
IRIDIUM 33 DEB
1 33773U 97051L   26201.80573234  .00000471  00000+0  13263-3 0  9997
2 33773  86.4038 327.3166 0012724 137.9178 222.3003 14.43696646915224
IRIDIUM 33 DEB
1 33775U 97051N   26201.79539890  .00000726  00000+0  21479-3 0  9998
2 33775  86.3651 315.5723 0014499 148.4856 336.8959 14.42099406913112
IRIDIUM 33 DEB
1 33776U 97051P   26201.84939146  .00000498  00000+0  15622-3 0  9992
2 33776  86.4064 348.3044 0014223 186.5189 295.9927 14.38576120912464
IRIDIUM 33 DEB
1 33777U 97051Q   26201.76339604  .00001941  00000+0  42666-3 0  9999
2 33777  86.3790 299.3902 0005407 218.4962 141.5861 14.57061687917361
IRIDIUM 33 DEB
1 33850U 97051T   26201.76276285  .00000523  00000+0  15087-3 0  9998
2 33850  86.3415 295.5384 0012952 154.3210 329.7822 14.42746958913241
IRIDIUM 33 DEB
1 33860U 97051AD  26201.73185328  .00003034  00000+0  49599-3 0  9998
2 33860  86.3811 289.5796 0005575 304.4383 180.1449 14.70559088919522
IRIDIUM 33 DEB
1 33862U 97051AF  26201.77194987  .00002244  00000+0  33288-3 0  9995
2 33862  86.4087 300.1186 0048159  27.9146  95.6535 14.73816595920601
IRIDIUM 33 DEB
1 33866U 97051AK  26201.70069367  .00002406  00000+0  92568-3 0  9991
2 33866  86.3028 359.8730 0113600 173.6486 198.2233 14.26499251899452
IRIDIUM 33 DEB
1 33953U 97051BN  26201.35026697  .00001610  00000+0  35040-3 0  9996
2 33953  86.3869 318.3183 0018320  83.0455 331.3512 14.57311655915002
IRIDIUM 33 DEB
1 33960U 97051BV  26201.42878836  .00006518  00000+0  59595-3 0  9995
2 33960  86.2570 185.0230 0004566  74.9352  77.2123 14.94847952921402
IRIDIUM 33 DEB
1 34071U 97051CE  26201.72601322  .00000901  00000+0  22515-3 0  9998
2 34071  86.3436 282.1292 0009915  96.5488 263.6846 14.50467328915221
IRIDIUM 33 DEB
1 34077U 97051CL  26201.85571433  .00004648  00000+0  79978-3 0  9994
2 34077  86.3859 314.2426 0007831   4.6444 119.2820 14.68400942915595
IRIDIUM 33 DEB
1 34079U 97051CN  26201.71223987  .00006782  00000+0  69428-3 0  9999
2 34079  86.3713 267.9668 0003509 265.3686 222.3067 14.90371108922470
IRIDIUM 33 DEB
1 34088U 97051CX  26201.78018487  .00019621  00000+0  13366-2 0  9998
2 34088  86.3752 288.3228 0005932 138.9449 345.1112 15.06157252920389
IRIDIUM 33 DEB
1 34521U 97051HN  26201.74440624  .00002778  00000+0  50231-3 0  9996
2 34521  86.3782 293.4566 0002661 189.6415 170.4748 14.66073260916939
COSMOS 2251 DEB
1 33757U 93036E   26201.64537134  .00000027  00000+0  19474-4 0  9997
2 33757  74.0371 282.1503 0015790 248.2884 168.7403 14.32630198911454
COSMOS 2251 DEB
1 33758U 93036F   26201.64698000  .00001439  00000+0  35502-3 0  9995
2 33758  74.0266 160.2790 0016532 183.3415 359.2699 14.52970074914972
COSMOS 2251 DEB
1 33760U 93036H   26201.26010006  .00000073  00000+0  34148-4 0  9999
2 33760  74.0299 238.5317 0021677 286.4738 145.9494 14.35794156912757
COSMOS 2251 DEB
1 33761U 93036J   26201.28978714  .00000543  00000+0  16923-3 0  9993
2 33761  74.0337 204.6022 0024151 237.9063 142.3462 14.43098886914013
COSMOS 2251 DEB
1 33762U 93036K   26201.30455598  .00000012  00000+0  13835-4 0  9998
2 33762  74.0410 268.5948 0016405 280.4840 145.4668 14.33724310911949
COSMOS 2251 DEB
1 33764U 93036M   26201.83682301  .00000410  00000+0  13839-3 0  9997
2 33764  74.0312 226.0849 0020765 139.2447  33.5585 14.39910070913245
COSMOS 2251 DEB
1 33765U 93036N   26201.74285632  .00025755  00000+0  97572-3 0  9999
2 33765  73.9987  72.2869 0051864 108.9836 251.6995 15.25518966929579
COSMOS 2251 DEB
1 33766U 93036P   26201.84815997  .00000685  00000+0  24109-3 0  9995
2 33766  74.1859  95.0349 0063879 235.8056 123.7033 14.35580639909037
COSMOS 2251 DEB
1 33768U 93036R   26201.27359222  .00000078  00000+0  88767-4 0  9995
2 33768  74.0663 225.4764 0367862 334.4131 106.5414 13.58625999862774
COSMOS 2251 DEB
1 33779U 93036U   26201.77119200  .00007386  00000+0  10928-2 0  9993
2 33779  74.0432 102.1657 0014477  89.3865 327.6791 14.75271736917684
COSMOS 2251 DEB
1 33819U 93036BL  26201.61279024  .00001012  00000+0  36282-3 0  9994
2 33819  74.1781 171.8648 0089628 330.2211 151.4324 14.32943705906445
COSMOS 2251 DEB
1 33821U 93036BN  26201.27397772  .00021473  00000+0  51796-3 0  9990
2 33821  74.0246  33.0793 0032831   8.6435 351.5331 15.40567921783650
COSMOS 2251 DEB
1 33822U 93036BP  26201.60392538  .00001159  00000+0  55572-3 0  9998
2 33822  74.0670 165.0848 0150607 159.0558 320.4912 14.14256027891616
COSMOS 2251 DEB
1 33823U 93036BQ  26201.83573057  .00000615  00000+0  36518-3 0  9996
2 33823  73.8098 123.4217 0208369 210.5302 208.4072 13.99409195886888
COSMOS 2251 DEB
1 33825U 93036BS  26201.74906965  .00002716  00000+0  40732-3 0  9993
2 33825  73.9836 318.6138 0077017 233.2625 250.5234 14.73140799921169
COSMOS 2251 DEB
1 33826U 93036BT  26201.89613589  .00000783  00000+0  18219-3 0  9994
2 33826  74.0638 355.0004 0083047 345.9145 140.5531 14.54548504909672
COSMOS 2251 DEB
1 33828U 93036BV  26201.39404235  .00000543  00000+0  16282-3 0  9999
2 33828  74.0446 189.3927 0029508 213.0034 206.4226 14.44936598914859
COSMOS 2251 DEB
1 33830U 93036BX  26201.83398435  .00002833  00000+0  37925-3 0  9996
2 33830  74.0307 157.8678 0042822 224.9825 176.4117 14.79334032927249
COSMOS 2251 DEB
1 33832U 93036BZ  26201.33098747  .00002687  00000+0  52472-3 0  9997
2 33832  74.0541 149.9551 0021751 131.8673  22.7703 14.63302330916340
COSMOS 2251 DEB
1 33835U 93036CC  26201.51106639  .00001672  00000+0  31730-3 0  9997
2 33835  74.0550  40.0328 0054550  36.5287 348.6996 14.64104413920040
COSMOS 2251 DEB
1 33836U 93036CD  26201.36397957  .00003955  00000+0  48373-3 0  9993
2 33836  73.9950 184.1079 0024418 331.5237 186.9392 14.83392843673415
COSMOS 2251 DEB
1 33837U 93036CE  26201.44711312  .00000455  00000+0  12110-3 0  9990
2 33837  74.0125   1.7963 0033949 170.6797 189.5001 14.51114328919829
COSMOS 2251 DEB
1 33838U 93036CF  26201.82320560  .00000523  00000+0  14462-3 0  9992
2 33838  74.0368  97.4285 0026683 165.9998 261.2282 14.48944098917564
COSMOS 2251 DEB
1 33839U 93036CG  26201.88402131  .00000468  00000+0  88925-4 0  9998
2 33839  74.0392 143.2433 0084335 200.4545 216.7919 14.64972275928030
COSMOS 2251 DEB
1 33911U 93036DQ  26201.78781676  .00005003  00000+0  66081-3 0  9990
2 33911  74.0887  91.2948 0010040 320.3039 104.3668 14.80248448918954
COSMOS 2251 DEB
1 33912U 93036DR  26201.84333073  .00001375  00000+0  33890-3 0  9992
2 33912  74.0336 134.6203 0010930 169.5159 250.9397 14.53131255916293
COSMOS 2251 DEB
1 33913U 93036DS  26201.83063250  .00000722  00000+0  19399-3 0  9992
2 33913  74.0337 130.9787 0047528 180.8858 246.1794 14.49287933916452
COSMOS 2251 DEB
1 33914U 93036DT  26201.84342097  .00000228  00000+0  19573-3 0  9998
2 33914  74.0900  12.2399 0303590  63.9467  51.4404 13.72252006871005
COSMOS 2251 DEB
1 33915U 93036DU  26201.81081486  .00000392  00000+0  13638-3 0  9996
2 33915  74.0434 350.5717 0105933  28.5543  87.5941 14.35644004909150
COSMOS 2251 DEB
1 33916U 93036DV  26201.80740118  .00000248  00000+0  21653-3 0  9996
2 33916  74.0507  38.9474 0324191 161.9393 211.5381 13.68788272869022
COSMOS 2251 DEB
1 33917U 93036DW  26201.85280609  .00000217  00000+0  18288-3 0  9992
2 33917  74.1055 121.2813 0333994 170.2630 190.5185 13.69921307867477
COSMOS 2251 DEB
1 33920U 93036DZ  26201.10266202  .00002269  00000+0  46200-3 0  9991
2 33920  74.0581 240.4182 0032339 200.1396 159.8497 14.61327737913160
