NOAA 15
1 25338U 98030A   26209.19987205  .00000125  00000+0  68660-4 0  9998
2 25338  98.5065 228.7237 0009396 222.1438 137.9021 14.27157554467142
NOAA 20 (JPSS-1)
1 43013U 17073A   26209.16528087  .00000050  00000+0  44882-4 0  9999
2 43013  98.7774 148.2652 0001783 109.5878 250.5490 14.19518530450281
NOAA 21 (JPSS-2)
1 54234U 22150A   26209.19736933  .00000046  00000+0  42643-4 0  9990
2 54234  98.7061 147.2979 0002935  81.7512 278.3997 14.19542981192363
TERRA
1 25994U 99068A   26209.17342791  .00000398  00000+0  89842-4 0  9998
2 25994  97.9433 257.0895 0003697  97.6294 315.1624 14.61132552415590
AQUA
1 27424U 02022A   26209.19432868  .00000788  00000+0  16643-3 0  9990
2 27424  98.4309 179.3038 0001469 101.1427  25.2908 14.62145567289265
AURA
1 28376U 04026A   26209.20506428  .00000777  00000+0  16684-3 0  9992
2 28376  98.3440 166.0048 0001506  93.0993 267.0380 14.61384761172205
LANDSAT 8
1 39084U 13008A   26209.15805137  .00000324  00000+0  82076-4 0  9990
2 39084  98.2282 278.8019 0001300  92.0369 268.0978 14.57101744703863
LANDSAT 9
1 49260U 21088A   26209.19250716  .00000332  00000+0  83718-4 0  9998
2 49260  98.2261 278.8689 0001074  98.9622 261.1698 14.57103311256975
SENTINEL-1A
1 39634U 14016A   26209.37338037  .00000162  00000+0  44170-4 0  9998
2 39634  98.1661 216.2931 0001372  88.7339 271.4018 14.59176250656025
SENTINEL-2A
1 40697U 15028A   26209.19373493 -.00000078  00000+0 -13171-4 0  9993
2 40697  98.5677 283.4592 0001355  95.6618 264.4719 14.30816784579592
SENTINEL-3A
1 41335U 16011A   26209.17238677  .00000105  00000+0  61340-4 0  9998
2 41335  98.6229 275.9625 0001227  87.0132 273.1189 14.26737340543902
SENTINEL-5P
1 42969U 17064A   26209.08367008  .00000047  00000+0  43144-4 0  9999
2 42969  98.7931 150.9261 0001234  91.1891 268.9426 14.19525113455364
ISS (ZARYA)
1 25544U 98067A   26209.15252568  .00010831  00000+0  20282-3 0  9992
2 25544  51.6320  97.3682 0007093 345.6120  14.4666 15.49220842578109
CSS (TIANHE)
1 48274U 21035A   26209.09711337  .00021928  00000+0  28259-3 0  9996
2 48274  41.4686  73.6140 0001168 304.6809  55.3919 15.58497226299554
HST
1 20580U 90037B   26209.08014815  .00006899  00000+0  21494-3 0  9994
2 20580  28.4723 160.9885 0001698 238.9636 121.0793 15.31181501794842
CYGFM05
1 41884U 16078A   26208.75179455  .00027119  00000+0  34392-3 0  9991
2 41884  34.9580 351.6257 0005644 174.4461 185.6327 15.58411217535089
CYGFM04
1 41885U 16078B   26208.65323514  .00033496  00000+0  34444-3 0  9991
2 41885  34.9332 317.8266 0004898 218.3991 141.6387 15.63802748535330
CYGFM02
1 41886U 16078C   26208.63490334  .00040079  00000+0  35879-3 0  9993
2 41886  34.9412 311.2186 0005519 219.5949 140.4376 15.67225189535513
LEGION 3
1 60452U 24146A   26209.12274535  .00003941  00000+0  21672-3 0  9999
2 60452  45.0001 171.0919 0006716  49.3044 310.8417 15.15731964108231
JASON-3
1 41240U 16002A   26209.16778929 -.00000044  00000+0  71311-4 0  9993
2 41240  66.0417  39.6768 0008110 269.5071  90.5019 12.87629190492527
SENTINEL-6A
1 46984U 20086A   26208.91919419 -.00000041  00000+0  88449-4 0  9990
2 46984  66.0410  50.4510 0007765 269.4206  90.5919 12.80930369265545
SWOT
1 54754U 22173A   26209.21733071 -.00000030  00000+0 -18520-4 0  9997
2 54754  77.6123 339.9195 0000147  62.2313 297.8854 14.00169598184897
SWARM B
1 39451U 13067A   26209.17840330  .00003815  00000+0  13518-3 0  9991
2 39451  87.7473 329.8668 0002269  96.2112 263.9396 15.28793777689504
SWARM A
1 39452U 13067B   26209.18725731  .00010067  00000+0  17770-3 0  9991
2 39452  87.3291  40.9952 0002601  74.3238 285.8310 15.50208364712607
TIMED
1 26998U 01055B   26208.95298211  .00001327  00000+0  12374-3 0  9992
2 26998  74.0680 152.9333 0002430 285.7999  74.2917 14.95370514336916
CRYOSAT 2
1 36508U 10013A   26209.22685488  .00000109  00000+0  26304-4 0  9997
2 36508  92.0350 287.2781 0002608  97.9181 262.2322 14.51900910864039
RESURS-DK 1
1 29228U 06021A   26209.14954100  .00001964  00000+0  11592-3 0  9995
2 29228  69.9300 233.5036 0007684 258.2764 101.7541 15.13360839108774
IRIDIUM 33
1 24946U 97051C   26208.31319690  .00000231  00000+0  74009-4 0  9996
2 24946  86.3907 333.1150 0007689 178.9598 181.1616 14.35163238510841
IRIDIUM 33 DEB
1 33773U 97051L   26208.59816917  .00000981  00000+0  28263-3 0  9990
2 33773  86.4042 324.4387 0013174 118.7329 241.5198 14.43709659916203
IRIDIUM 33 DEB
1 33775U 97051N   26209.02124508  .00001356  00000+0  40616-3 0  9992
2 33775  86.3651 312.4858 0015050 127.8496  47.3000 14.42118531914159
IRIDIUM 33 DEB
1 33776U 97051P   26209.16274332  .00000785  00000+0  24980-3 0  9990
2 33776  86.4071 345.2334 0015132 163.0866  10.4367 14.38586321913511
IRIDIUM 33 DEB
1 33777U 97051Q   26209.18023897  .00003611  00000+0  79687-3 0  9996
2 33777  86.3790 296.1573 0006322 189.9281 170.1803 14.57112282918445
IRIDIUM 33 DEB
1 33850U 97051T   26208.70399692  .00000929  00000+0  27273-3 0  9997
2 33850  86.3411 292.5513 0013609 133.9313  19.3643 14.42759086914245
IRIDIUM 33 DEB
1 33860U 97051AD  26209.20377339  .00005792  00000+0  94821-3 0  9994
2 33860  86.3815 286.2541 0005672 266.2447 150.0610 14.70642894920629
IRIDIUM 33 DEB
1 33862U 97051AF  26208.70248560  .00003755  00000+0  55945-3 0  9994
2 33862  86.4092 297.0415 0047013   3.7665 147.9823 14.73869137921626
IRIDIUM 33 DEB
1 33866U 97051AK  26209.16731457  .00004536  00000+0  17477-2 0  9996
2 33866  86.3031 356.7084 0114383 149.8846  22.7976 14.26559991900511
IRIDIUM 33 DEB
1 33953U 97051BN  26208.78475883  .00003354  00000+0  73437-3 0  9994
2 33953  86.3873 315.0833 0017786  60.8079  92.7484 14.57358535916086
IRIDIUM 33 DEB
1 33960U 97051BV  26208.39013678  .00014147  00000+0  12890-2 0  9996
2 33960  86.2566 181.6954 0004078  70.1864  81.5559 14.95045835922443
IRIDIUM 33 DEB
1 34071U 97051CE  26209.17660465  .00001650  00000+0  41647-3 0  9997
2 34071  86.3431 278.8850 0009705  77.2655 282.9634 14.50491503916308
IRIDIUM 33 DEB
1 34077U 97051CL  26209.02054795  .00008152  00000+0  14020-2 0  9998
2 34077  86.3865 311.0682 0006937 334.9058 200.7095 14.68505756916643
IRIDIUM 33 DEB
1 34079U 97051CN  26209.15253713  .00014026  00000+0  14305-2 0  9998
2 34079  86.3715 264.5418 0004432 227.0523 196.4031 14.90566371923582
IRIDIUM 33 DEB
1 34088U 97051CX  26209.20791118  .00039720  00000+0  26610-2 0  9990
2 34088  86.3745 284.8204 0005501 114.7301 303.9040 15.06706631921505
IRIDIUM 33 DEB
1 34521U 97051HN  26208.63788796  .00005046  00000+0  91423-3 0  9995
2 34521  86.3788 290.4078 0003550 170.1581 189.9702 14.66140709917947
COSMOS 2251 DEB
1 33757U 93036E   26209.18776266  .00000065  00000+0  33520-4 0  9995
2 33757  74.0361 268.3807 0015655 233.6918 187.4051 14.32631394912538
COSMOS 2251 DEB
1 33758U 93036F   26209.20925958  .00002849  00000+0  69563-3 0  9990
2 33758  74.0280 146.0038 0016303 166.4568 316.4976 14.53010842916077
COSMOS 2251 DEB
1 33760U 93036H   26209.20362669  .00000178  00000+0  70478-4 0  9998
2 33760  74.0296 223.9495 0021755 270.8157 164.1151 14.35797175913891
COSMOS 2251 DEB
1 33761U 93036J   26208.38591231  .00001125  00000+0  34188-3 0  9996
2 33761  74.0344 191.4242 0023930 223.3431 287.6425 14.43113837915039
COSMOS 2251 DEB
1 33762U 93036K   26209.18756958  .00000066  00000+0  33075-4 0  9993
2 33762  74.0400 254.1816 0016443 265.2303 151.8485 14.33725468913079
COSMOS 2251 DEB
1 33764U 93036M   26209.11115435  .00000722  00000+0  23751-3 0  9995
2 33764  74.0313 212.6429 0020569 123.5054 301.9836 14.39920117914293
COSMOS 2251 DEB
1 33765U 93036N   26209.02044703  .00062252  00000+0  22963-2 0  9994
2 33765  73.9990  56.8589 0049924  91.4859 269.2061 15.26296099930689
COSMOS 2251 DEB
1 33766U 93036P   26209.09555131  .00001076  00000+0  37345-3 0  9992
2 33766  74.1853  81.8597 0063630 220.5894 139.0507 14.35595498910076
COSMOS 2251 DEB
1 33768U 93036R   26209.14974470  .00000258  00000+0  24746-3 0  9993
2 33768  74.0666 212.7593 0368028 319.9608 109.2652 13.58629840863840
COSMOS 2251 DEB
1 33779U 93036U   26208.95063369  .00013541  00000+0  19887-2 0  9997
2 33779  74.0437  88.1345 0014719  73.6314 299.8210 14.75457199918743
COSMOS 2251 DEB
1 33819U 93036BL  26209.21141528  .00001887  00000+0  66853-3 0  9992
2 33819  74.1791 158.1044 0089667 314.4949 109.9090 14.32972666907536
COSMOS 2251 DEB
1 33821U 93036BN  26209.06526556  .00041461  00000+0  97606-3 0  9998
2 33821  74.0242  16.2067 0033480 348.5608  11.4834 15.41157563784853
COSMOS 2251 DEB
1 33822U 93036BP  26208.33113793  .00001647  00000+0  78470-3 0  9993
2 33822  74.0681 153.1859 0150575 145.3419  11.3268 14.14277941892569
COSMOS 2251 DEB
1 33823U 93036BQ  26209.13988338  .00000852  00000+0  50045-3 0  9993
2 33823  73.8094 110.6112 0208097 196.3893 286.0138 13.99420642887909
COSMOS 2251 DEB
1 33825U 93036BS  26209.02494939  .00006372  00000+0  94596-3 0  9994
2 33825  73.9841 304.3880 0076807 217.6049 317.4582 14.73223370922238
COSMOS 2251 DEB
1 33826U 93036BT  26208.84960236  .00001232  00000+0  28277-3 0  9995
2 33826  74.0642 341.8678 0083236 330.7935 191.8745 14.54564217910684
COSMOS 2251 DEB
1 33828U 93036BV  26209.20886546  .00001017  00000+0  29778-3 0  9997
2 33828  74.0456 174.8468 0029190 196.5591 177.5068 14.44952189915980
COSMOS 2251 DEB
1 33830U 93036BX  26209.15436398  .00004671  00000+0  62105-3 0  9990
2 33830  74.0315 143.4595 0042552 208.7169 282.6370 14.79398841928327
COSMOS 2251 DEB
1 33832U 93036BZ  26208.75830709  .00005331  00000+0  10330-2 0  9997
2 33832  74.0547 135.7238 0021842 115.0243 270.6823 14.63375332917439
COSMOS 2251 DEB
1 33835U 93036CC  26208.91431192  .00003055  00000+0  57424-3 0  9998
2 33835  74.0560  25.8286 0054692  20.1968 130.3173 14.64148122921125
COSMOS 2251 DEB
1 33836U 93036CD  26208.89333351  .00009807  00000+0  11879-2 0  9998
2 33836  73.9952 169.1601 0024400 315.1076  76.5611 14.83521778674534
COSMOS 2251 DEB
1 33837U 93036CE  26208.41010566  .00000948  00000+0  24450-3 0  9994
2 33837  74.0133 348.6784 0033653 155.8443 204.4305 14.51127080920833
COSMOS 2251 DEB
1 33838U 93036CF  26209.07061557  .00001054  00000+0  28419-3 0  9992
2 33838  74.0361  83.8428 0026477 150.2535 265.7089 14.48959119918611
COSMOS 2251 DEB
1 33839U 93036CG  26208.25322825  .00000865  00000+0  15933-3 0  9996
2 33839  74.0394 130.9950 0084047 186.6104 327.4313 14.64982860928966
COSMOS 2251 DEB
1 33911U 93036DQ  26208.82771844  .00009379  00000+0  12302-2 0  9994
2 33911  74.0891  77.4665 0009977 305.2972 180.1389 14.80377421919997
COSMOS 2251 DEB
1 33912U 93036DR  26209.15203595  .00002444  00000+0  59624-3 0  9990
2 33912  74.0347 120.8260 0010761 152.6981 326.3752 14.53164127917358
COSMOS 2251 DEB
1 33913U 93036DS  26209.15654094  .00001338  00000+0  35283-3 0  9991
2 33913  74.0338 117.2365 0047281 165.1313 309.0882 14.49307431917512
COSMOS 2251 DEB
1 33914U 93036DT  26209.14488249  .00000378  00000+0  31447-3 0  9999
2 33914  74.0907   0.2003 0303622  50.1752 121.5659 13.72258226872004
COSMOS 2251 DEB
1 33915U 93036DU  26209.13900433  .00000784  00000+0  26356-3 0  9997
2 33915  74.0440 337.1293 0106100  13.1972 162.2857 14.35655949910205
COSMOS 2251 DEB
1 33916U 93036DV  26208.75081126  .00000508  00000+0  42510-3 0  9998
2 33916  74.0510  27.5348 0324091 148.9874 226.2362 13.68795232869978
COSMOS 2251 DEB
1 33917U 93036DW  26209.15544228  .00000390  00000+0  31584-3 0  9999
2 33917  74.1052 109.2951 0333783 156.5344 205.1417 13.69926546868470
COSMOS 2251 DEB
1 33920U 93036DZ  26209.11220826  .00005389  00000+0  10862-2 0  9992
2 33920  74.0575 225.1220 0032068 183.2334 176.8631 14.61402886914336
