NOAA 15
1 25338U 98030A   26214.31785638  .00000088  00000+0  53425-4 0  9995
2 25338  98.5065 233.7033 0009647 206.1217 153.9479 14.27159074467872
NOAA 20 (JPSS-1)
1 43013U 17073A   26214.24027464  .00000035  00000+0  37440-4 0  9992
2 43013  98.7776 153.2956 0001886 103.4243 256.7143 14.19519344451007
NOAA 21 (JPSS-2)
1 54234U 22150A   26214.27228120  .00000038  00000+0  38818-4 0  9999
2 54234  98.7062 152.2878 0002890  72.9422 287.2071 14.19543791193082
TERRA
1 25994U 99068A   26214.24523448  .00000325  00000+0  75070-4 0  9990
2 25994  97.9427 261.9585 0003685  87.5622 347.4087 14.61136430416336
AQUA
1 27424U 02022A   26214.25586030  .00000628  00000+0  13465-3 0  9996
2 27424  98.4316 184.4684 0001571  99.0241  14.2503 14.62152843290008
AURA
1 28376U 04026A   26214.20327077  .00000622  00000+0  13552-3 0  9999
2 28376  98.3446 171.0465 0001568  91.5197 268.6183 14.61391867172930
LANDSAT 8
1 39084U 13008A   26214.23962457  .00000250  00000+0  65686-4 0  9990
2 39084  98.2276 283.8214 0001273  92.5289 267.6055 14.57104899704602
LANDSAT 9
1 49260U 21088A   26214.20540501  .00000263  00000+0  68522-4 0  9999
2 49260  98.2255 283.8195 0001110 102.3874 257.7449 14.57106611257709
SENTINEL-1A
1 39634U 14016A   26214.31037351  .00000199  00000+0  51848-4 0  9993
2 39634  98.1611 221.1478 0001399  82.8056 277.3303 14.59278491656742
SENTINEL-2A
1 40697U 15028A   26214.29862751  .00000017  00000+0  22988-4 0  9997
2 40697  98.5667 288.4910 0001339  92.9394 267.1942 14.30818899580323
SENTINEL-3A
1 41335U 16011A   26214.29186346  .00000080  00000+0  51159-4 0  9991
2 41335  98.6223 281.0068 0001161  86.1704 273.9609 14.26738672544632
SENTINEL-5P
1 42969U 17064A   26214.29961000  .00000043  00000+0  41523-4 0  9995
2 42969  98.7934 156.1056 0001258  90.0490 270.0831 14.19525956456108
ISS (ZARYA)
1 25544U 98067A   26214.05483575  .00006269  00000+0  12055-3 0  9990
2 25544  51.6314  73.1030 0007158   3.2336 356.8698 15.49306946578860
CSS (TIANHE)
1 48274U 21035A   26214.22324269  .00017231  00000+0  22139-3 0  9994
2 48274  41.4686  42.5200 0001001 283.0657  77.0069 15.58700041300353
HST
1 20580U 90037B   26214.16388447  .00005559  00000+0  17148-3 0  9997
2 20580  28.4729 126.2201 0001752 305.1760  54.8672 15.31239956795625
CYGFM05
1 41884U 16078A   26214.32437098  .00022245  00000+0  27930-3 0  9996
2 41884  34.9573 314.6207 0006234 226.3741 133.6467 15.58697743535953
CYGFM04
1 41885U 16078B   26214.27023164  .00027902  00000+0  28303-3 0  9996
2 41885  34.9313 280.2095 0005053 265.2142  94.8007 15.64171806536216
CYGFM02
1 41886U 16078C   26214.23947803  .00034272  00000+0  30162-3 0  9992
2 41886  34.9394 273.4943 0005635 267.7007  92.3075 15.67665099536397
LEGION 3
1 60452U 24146A   26214.26335803  .00003749  00000+0  20662-3 0  9990
2 60452  45.0005 143.5343 0006554  83.5853 276.5772 15.15771971109019
JASON-3
1 41240U 16002A   26214.21632444 -.00000056  00000+0  22864-4 0  9998
2 41240  66.0421  29.0619 0008108 269.0443  90.9647 12.87629368493175
SENTINEL-6A
1 46984U 20086A   26214.22835567 -.00000067  00000+0 -27774-4 0  9995
2 46984  66.0413  39.4229 0007764 269.3399  90.6726 12.80930435266220
SWOT
1 54754U 22173A   26214.29059407  .00000277  00000+0  18923-3 0  9992
2 54754  77.6127 333.0719 0000112  68.3055 291.8109 14.00170767185607
SWARM B
1 39451U 13067A   26214.28396164  .00003228  00000+0  11407-3 0  9993
2 39451  87.7477 328.3181 0002331 100.1217 260.0296 15.28828570690287
SWARM A
1 39452U 13067B   26214.22275836  .00008176  00000+0  14498-3 0  9990
2 39452  87.3297  39.1240 0003043  85.7054 274.4555 15.50050273713381
TIMED
1 26998U 01055B   26214.23817954  .00001110  00000+0  10410-3 0  9990
2 26998  74.0682 142.2910 0002479 280.8860  79.2046 14.95383042337703
CRYOSAT 2
1 36508U 10013A   26214.25802115  .00000155  00000+0  37658-4 0  9999
2 36508  92.0344 288.5006 0002685  96.2288 263.9226 14.51902148864767
RESURS-DK 1
1 29228U 06021A   26214.17287806  .00001734  00000+0  10301-3 0  9998
2 29228  69.9303 220.4971 0007635 254.1313 105.9012 15.13380238109530
IRIDIUM 33
1 24946U 97051C   26214.30934026  .00000201  00000+0  63547-4 0  9990
2 24946  86.3912 330.6002 0008433 160.6844 199.4673 14.35165526511708
IRIDIUM 33 DEB
1 33773U 97051L   26214.28159159  .00000722  00000+0  20644-3 0  9999
2 33773  86.4043 322.0309 0013383 103.0525 257.2171 14.43718062917023
IRIDIUM 33 DEB
1 33775U 97051N   26214.19538336  .00001022  00000+0  30434-3 0  9991
2 33775  86.3650 310.2757 0015257 113.5108 266.8380 14.42129181914908
IRIDIUM 33 DEB
1 33776U 97051P   26214.27996166  .00000640  00000+0  20254-3 0  9994
2 33776  86.4078 343.0850 0015703 147.5734 230.8115 14.38592975914255
IRIDIUM 33 DEB
1 33777U 97051Q   26214.26200514  .00002702  00000+0  59478-3 0  9990
2 33777  86.3780 293.9427 0006968 173.4954 186.6346 14.57142640919185
IRIDIUM 33 DEB
1 33850U 97051T   26214.22730198  .00000818  00000+0  23922-3 0  9995
2 33850  86.3406 290.1742 0013963 118.3246 264.4830 14.42768611915046
IRIDIUM 33 DEB
1 33860U 97051AD  26214.16568480  .00004771  00000+0  77951-3 0  9995
2 33860  86.3801 284.0461 0006154 242.9998 146.5164 14.70692167921352
IRIDIUM 33 DEB
1 33862U 97051AF  26214.17835390  .00002569  00000+0  38155-3 0  9991
2 33862  86.4082 294.6109 0046188 344.2386  43.3694 14.73901373922437
IRIDIUM 33 DEB
1 33866U 97051AK  26213.92731817  .00003897  00000+0  14988-2 0  9998
2 33866  86.3042 354.6916 0114718 134.8689 348.3702 14.26598297901196
IRIDIUM 33 DEB
1 33953U 97051BN  26214.25399108  .00002458  00000+0  53662-3 0  9990
2 33953  86.3871 312.7041 0017230  43.9538 345.6622 14.57388525916889
IRIDIUM 33 DEB
1 33960U 97051BV  26214.18706918  .00012327  00000+0  11185-2 0  9990
2 33960  86.2579 178.9231 0003798  66.7614 305.9715 14.95209222923312
IRIDIUM 33 DEB
1 34071U 97051CE  26214.21258215  .00001320  00000+0  33197-3 0  9999
2 34071  86.3425 276.6919 0009346  64.0762 296.1405 14.50505541917039
IRIDIUM 33 DEB
1 34077U 97051CL  26214.23963187  .00005517  00000+0  94638-3 0  9997
2 34077  86.3862 308.7568 0006542 311.0192  78.5799 14.68572704917418
IRIDIUM 33 DEB
1 34079U 97051CN  26214.11392630  .00010558  00000+0  10734-2 0  9990
2 34079  86.3703 262.2575 0005285 207.3800 182.4561 14.90682338924322
IRIDIUM 33 DEB
1 34088U 97051CX  26214.18182623  .00027673  00000+0  18397-2 0  9995
2 34088  86.3717 282.4729 0005127  97.5948 285.2379 15.07042507922255
IRIDIUM 33 DEB
1 34521U 97051HN  26214.16610256  .00003692  00000+0  66713-3 0  9994
2 34521  86.3772 287.9632 0004211 156.9711 203.1692 14.66187865918750
COSMOS 2251 DEB
1 33757U 93036E   26214.21570000  .00000036  00000+0  22794-4 0  9992
2 33757  74.0353 259.2012 0015524 223.9019 198.2594 14.32632167913256
COSMOS 2251 DEB
1 33758U 93036F   26214.24083019  .00002192  00000+0  53646-3 0  9999
2 33758  74.0281 136.5055 0016200 155.0257 356.7466 14.53035134916809
COSMOS 2251 DEB
1 33760U 93036H   26214.27796669  .00000127  00000+0  52812-4 0  9998
2 33760  74.0296 214.6342 0021743 260.8068 112.2046 14.35798935914620
COSMOS 2251 DEB
1 33761U 93036J   26214.18215292  .00000868  00000+0  26564-3 0  9993
2 33761  74.0351 180.6605 0023726 211.4006 160.1938 14.43124456915874
COSMOS 2251 DEB
1 33762U 93036K   26214.21363998  .00000026  00000+0  18765-4 0  9996
2 33762  74.0393 244.9915 0016428 255.5195 172.7723 14.33726121913794
COSMOS 2251 DEB
1 33764U 93036M   26214.24197934  .00000577  00000+0  19146-3 0  9990
2 33764  74.0315 203.1621 0020498 112.1886 259.3509 14.39926509915039
COSMOS 2251 DEB
1 33765U 93036N   26214.00098960  .00052586  00000+0  19115-2 0  9996
2 33765  73.9990  46.2873 0048453  79.0814 281.5833 15.26888894931446
COSMOS 2251 DEB
1 33766U 93036P   26214.04324962  .00000976  00000+0  33962-3 0  9998
2 33766  74.1850  72.8646 0063472 210.2116 149.5373 14.35605262910781
COSMOS 2251 DEB
1 33768U 93036R   26214.21778757  .00000192  00000+0  18931-3 0  9993
2 33768  74.0671 204.5764 0368030 310.6738  57.4121 13.58632288864532
COSMOS 2251 DEB
1 33779U 93036U   26214.06143852  .00009695  00000+0  14225-2 0  9998
2 33779  74.0426  78.1419 0014967  63.2269  86.7406 14.75565013919499
COSMOS 2251 DEB
1 33819U 93036BL  26214.25473428  .00001435  00000+0  51044-3 0  9994
2 33819  74.1795 148.9714 0089587 304.0951 206.9020 14.32988692908257
COSMOS 2251 DEB
1 33821U 93036BN  26214.12798015  .00034178  00000+0  79506-3 0  9998
2 33821  74.0254   5.2347 0034090 335.9606  24.0009 15.41530021785636
COSMOS 2251 DEB
1 33822U 93036BP  26214.27224411  .00001294  00000+0  61847-3 0  9991
2 33822  74.0680 142.6774 0150608 133.2205  20.2444 14.14295081893407
COSMOS 2251 DEB
1 33823U 93036BQ  26214.15169632  .00000830  00000+0  48788-3 0  9996
2 33823  73.8091 101.8208 0207952 186.6854 335.2159 13.99428699888600
COSMOS 2251 DEB
1 33825U 93036BS  26214.22651764  .00004618  00000+0  68655-3 0  9991
2 33825  73.9831 294.2180 0076586 206.4205 184.8224 14.73280074923000
COSMOS 2251 DEB
1 33826U 93036BT  26213.79455221  .00001443  00000+0  32974-3 0  9991
2 33826  74.0644 332.5283 0083463 320.0597 165.9952 14.54578043911408
COSMOS 2251 DEB
1 33828U 93036BV  26214.27381084  .00000852  00000+0  25089-3 0  9994
2 33828  74.0460 165.4194 0028979 185.7334 244.7048 14.44961528916710
COSMOS 2251 DEB
1 33830U 93036BX  26214.23108403  .00003450  00000+0  45969-3 0  9991
2 33830  74.0315 133.4663 0042326 197.3533 320.8536 14.79438902929074
COSMOS 2251 DEB
1 33832U 93036BZ  26214.18257016  .00003927  00000+0  76175-3 0  9994
2 33832  74.0544 125.3294 0021883 102.8822  47.3561 14.63423897918221
COSMOS 2251 DEB
1 33835U 93036CC  26213.90222229  .00002338  00000+0  44067-3 0  9994
2 33835  74.0568  16.2578 0054833   9.2231 141.5818 14.64172127921851
COSMOS 2251 DEB
1 33836U 93036CD  26214.31101846  .00006822  00000+0  82634-3 0  9996
2 33836  73.9964 158.4032 0024351 303.2832 211.2809 14.83609831675332
COSMOS 2251 DEB
1 33837U 93036CE  26214.06318142  .00000796  00000+0  20626-3 0  9995
2 33837  74.0138 338.0287 0033391 143.6828 216.6609 14.51136661921658
COSMOS 2251 DEB
1 33838U 93036CF  26214.32919374  .00000852  00000+0  23107-3 0  9999
2 33838  74.0357  73.9846 0026334 138.7625 336.2072 14.48968924919377
COSMOS 2251 DEB
1 33839U 93036CG  26214.19393309  .00000721  00000+0  13368-3 0  9992
2 33839  74.0393 119.5705 0083776 173.6448 338.4645 14.64992140929830
COSMOS 2251 DEB
1 33911U 93036DQ  26214.03590175  .00008019  00000+0  10506-2 0  9994
2 33911  74.0882  67.2330 0009986 294.2597 216.6271 14.80464165920767
COSMOS 2251 DEB
1 33912U 93036DR  26214.18430422  .00001826  00000+0  44717-3 0  9990
2 33912  74.0339 111.3271 0010677 140.9605  13.3118 14.53184474918082
COSMOS 2251 DEB
1 33913U 93036DS  26214.20459411  .00001116  00000+0  29552-3 0  9995
2 33913  74.0334 107.7665 0047134 154.2598   7.6029 14.49319390918248
COSMOS 2251 DEB
1 33914U 93036DT  26213.87131648  .00000259  00000+0  22025-3 0  9992
2 33914  74.0912 352.4071 0303657  41.2582  70.8110 13.72260789872653
COSMOS 2251 DEB
1 33915U 93036DU  26214.26581745  .00000586  00000+0  19936-3 0  9994
2 33915  74.0441 327.7250 0106271   2.4719  19.6354 14.35662470910948
COSMOS 2251 DEB
1 33916U 93036DV  26214.17957356  .00000376  00000+0  31879-3 0  9997
2 33916  74.0516  18.6121 0323984 138.8655 337.3936 13.68799881870718
COSMOS 2251 DEB
1 33917U 93036DW  26214.12120474  .00000486  00000+0  38959-3 0  9994
2 33917  74.1047 101.1442 0333622 147.1974 215.0349 13.69931580869151
COSMOS 2251 DEB
1 33920U 93036DZ  26214.04094714  .00004744  00000+0  95622-3 0  9997
2 33920  74.0575 215.7081 0031935 172.5324 187.6325 14.61449901915057
