NOAA 15
1 25338U 98030A   26201.27750329  .00000030  00000+0  29850-4 0  9997
2 25338  98.5064 221.0155 0009086 247.8504 112.1713 14.27155215466010
NOAA 20 (JPSS-1)
1 43013U 17073A   26201.27083966  .00000025  00000+0  33021-4 0  9990
2 43013  98.7772 140.4405 0001565 119.2046 240.9287 14.19517107449163
NOAA 21 (JPSS-2)
1 54234U 22150A   26201.23257051  .00000020  00000+0  30121-4 0  9996
2 54234  98.7059 139.4668 0002921  95.5010 264.6499 14.19541584191237
TERRA
1 25994U 99068A   26201.23333441  .00000183  00000+0  46234-4 0  9999
2 25994  97.9437 249.4663 0003584 113.1192 319.2409 14.61126000414437
AQUA
1 27424U 02022A   26201.25349119  .00000386  00000+0  86577-4 0  9993
2 27424  98.4300 171.2019 0001298 102.0478  10.8857 14.62132779288108
AURA
1 28376U 04026A   26201.26265229  .00000390  00000+0  88542-4 0  9995
2 28376  98.3433 157.9941 0001396  93.9415 266.1945 14.61372067171047
LANDSAT 8
1 39084U 13008A   26201.26098753  .00000153  00000+0  44157-4 0  9990
2 39084  98.2286 271.0008 0001341  91.8911 268.2441 14.57096307702713
LANDSAT 9
1 49260U 21088A   26201.15811074  .00000161  00000+0  45905-4 0  9992
2 49260  98.2265 270.9338 0001085  91.6550 268.4773 14.57097592255803
SENTINEL-1A
1 39634U 14016A   26201.28181713 -.00000036  00000+0  20393-5 0  9990
2 39634  98.1735 208.3298 0001443  83.7537 276.3827 14.59173554654843
SENTINEL-2A
1 40697U 15028A   26201.29162990 -.00000191  00000+0 -56250-4 0  9995
2 40697  98.5669 275.6716 0001304  97.2207 262.9124 14.30814761578461
SENTINEL-3A
1 41335U 16011A   26201.24771547  .00000038  00000+0  33686-4 0  9993
2 41335  98.6233 268.1538 0001313  89.0056 271.1275 14.26740662542776
SENTINEL-5P
1 42969U 17064A   26201.25975428  .00000007  00000+0  24155-4 0  9998
2 42969  98.7929 143.1572 0001199  93.2254 266.9060 14.19523773454255
ISS (ZARYA)
1 25544U 98067A   26201.08882182  .00004577  00000+0  91000-4 0  9994
2 25544  51.6315 137.2714 0006813 316.7062  43.3390 15.49056873576852
CSS (TIANHE)
1 48274U 21035A   26201.15025581  .00011348  00000+0  15004-3 0  9993
2 48274  41.4683 121.7978 0001915 306.7446  53.3216 15.58213113298317
HST
1 20580U 90037B   26201.25862586  .00003225  00000+0  96917-4 0  9994
2 20580  28.4721 214.4792 0002120 152.4827 207.5881 15.31090554793647
CYGFM05
1 41884U 16078A   26201.25593410  .00016219  00000+0  20939-3 0  9991
2 41884  34.9574  41.3756 0005308  93.0572 267.0760 15.58013309533911
CYGFM04
1 41885U 16078B   26200.79986980  .00020059  00000+0  21124-3 0  9992
2 41885  34.9331  10.3823 0004233 139.1895 220.9148 15.63274012534106
CYGFM02
1 41886U 16078C   26200.79847116  .00025330  00000+0  23327-3 0  9994
2 41886  34.9412   3.9203 0004969 140.4749 219.6342 15.66597334534284
LEGION 3
1 60452U 24146A   26201.21382663  .00001302  00000+0  80917-4 0  9990
2 60452  45.0013 213.4878 0007719   1.5851 358.5051 15.15671515107034
JASON-3
1 41240U 16002A   26201.24547058 -.00000058  00000+0  17930-4 0  9993
2 41240  66.0416  56.3340 0008136 270.5039  89.5047 12.87628872491504
SENTINEL-6A
1 46984U 20086A   26201.03352671 -.00000061  00000+0  80617-6 0  9990
2 46984  66.0411  66.8309 0007785 269.6761  90.3362 12.80930225264532
SWOT
1 54754U 22173A   26201.21445786  .00000004  00000+0  45788-5 0  9998
2 54754  77.6116 350.7220 0000229  67.1048 293.0127 14.00172559183777
SWARM B
1 39451U 13067A   26201.32345600  .00002080  00000+0  73222-4 0  9992
2 39451  87.7465 332.2514 0002202  87.2461 272.9040 15.28737380688308
SWARM A
1 39452U 13067B   26201.24852063  .00006007  00000+0  10090-3 0  9996
2 39452  87.3301  43.9456 0003324  91.8846 268.2796 15.51517495711378
TIMED
1 26998U 01055B   26201.05854661  .00000597  00000+0  57743-4 0  9991
2 26998  74.0670 168.8292 0002345 294.9378  65.1563 14.95350599335739
CRYOSAT 2
1 36508U 10013A   26201.23211831  .00000065  00000+0  15304-4 0  9996
2 36508  92.0355 285.3350 0002459  98.8298 261.3187 14.51899369862872
RESURS-DK 1
1 29228U 06021A   26200.88732648  .00000908  00000+0  56925-4 0  9995
2 29228  69.9302 254.8969 0007388 265.9796  94.0526 15.13328606107523
IRIDIUM 33
1 24946U 97051C   26200.92258814  .00000129  00000+0  38376-4 0  9998
2 24946  86.3900 336.2153 0006777 204.4096 155.6781 14.35160135509789
IRIDIUM 33 DEB
1 33773U 97051L   26201.32055607  .00000460  00000+0  12958-3 0  9991
2 33773  86.4037 327.5222 0012680 139.3024 220.9127 14.43696128915153
IRIDIUM 33 DEB
1 33775U 97051N   26201.29121500  .00000724  00000+0  21392-3 0  9990
2 33775  86.3650 315.7877 0014443 149.9250 239.6225 14.42098664913049
IRIDIUM 33 DEB
1 33776U 97051P   26200.94368058  .00000398  00000+0  12348-3 0  9991
2 33776  86.4063 348.6848 0014106 189.5222 285.4064 14.38574919912335
IRIDIUM 33 DEB
1 33777U 97051Q   26201.00796335  .00001776  00000+0  39009-3 0  9997
2 33777  86.3790 299.7195 0005317 221.5640 138.5165 14.57058001917254
IRIDIUM 33 DEB
1 33850U 97051T   26201.25880949  .00000529  00000+0  15279-3 0  9999
2 33850  86.3415 295.7552 0012893 155.8083 232.4836 14.42746474913178
IRIDIUM 33 DEB
1 33860U 97051AD  26201.23743851  .00002817  00000+0  46014-3 0  9991
2 33860  86.3812 289.7996 0005597 306.9335  81.9249 14.70555730919453
IRIDIUM 33 DEB
1 33862U 97051AF  26201.27838442  .00002109  00000+0  31265-3 0  9994
2 33862  86.4087 300.3377 0048239  29.6399 356.9173 14.73814146920536
IRIDIUM 33 DEB
1 33866U 97051AK  26200.95234552  .00002089  00000+0  80310-3 0  9996
2 33866  86.3023   0.1901 0113445 176.0614 315.1633 14.26495680899344
IRIDIUM 33 DEB
1 33953U 97051BN  26201.27650984  .00001592  00000+0  34641-3 0  9994
2 33953  86.3869 318.3504 0018323  83.2612 304.4304 14.57311240914996
IRIDIUM 33 DEB
1 33960U 97051BV  26201.20191869  .00006448  00000+0  58962-3 0  9994
2 33960  86.2571 185.1315 0004578  75.2893 296.7858 14.94844954921373
IRIDIUM 33 DEB
1 34071U 97051CE  26201.24310043  .00000901  00000+0  22506-3 0  9992
2 34071  86.3436 282.3395 0009928  97.7561 262.4771 14.50466449915155
IRIDIUM 33 DEB
1 34077U 97051CL  26201.29270098  .00003637  00000+0  62512-3 0  9998
2 34077  86.3859 314.4920 0007902   6.7696  22.8796 14.68394497915517
IRIDIUM 33 DEB
1 34079U 97051CN  26201.15681725  .00006338  00000+0  64880-3 0  9999
2 34079  86.3714 268.2225 0003489 268.6949 120.9407 14.90362878922395
IRIDIUM 33 DEB
1 34088U 97051CX  26200.78367902  .00016331  00000+0  11138-2 0  9996
2 34088  86.3756 288.7924 0005941 141.7282 342.8225 15.06116923920230
IRIDIUM 33 DEB
1 34521U 97051HN  26201.19837485  .00002561  00000+0  46283-3 0  9992
2 34521  86.3783 293.6980 0002582 191.4175 168.6980 14.66069853916859
COSMOS 2251 DEB
1 33757U 93036E   26201.22122604  .00000026  00000+0  19044-4 0  9995
2 33757  74.0372 282.9246 0015793 249.0863 141.3032 14.32630156911398
COSMOS 2251 DEB
1 33758U 93036F   26201.29820992  .00001419  00000+0  35030-3 0  9997
2 33758  74.0266 160.9374 0016549 184.1251 334.9218 14.52968926914927
COSMOS 2251 DEB
1 33760U 93036H   26201.11270487  .00000069  00000+0  32804-4 0  9996
2 33760  74.0299 238.8023 0021673 286.7638 104.1010 14.35794123912735
COSMOS 2251 DEB
1 33761U 93036J   26201.28978714  .00000543  00000+0  16923-3 0  9993
2 33761  74.0337 204.6022 0024151 237.9063 142.3462 14.43098886914013
COSMOS 2251 DEB
1 33762U 93036K   26201.15742201  .00000014  00000+0  14547-4 0  9994
2 33762  74.0410 268.8638 0016406 280.7731 106.0641 14.33724294911924
COSMOS 2251 DEB
1 33764U 93036M   26201.11961909  .00000342  00000+0  11701-3 0  9992
2 33764  74.0313 227.4102 0020792 140.7843 275.7670 14.39909189913143
COSMOS 2251 DEB
1 33765U 93036N   26201.08704854  .00023357  00000+0  88627-3 0  9995
2 33765  73.9987  73.6761 0051908 110.5411 250.1370 15.25482369929479
COSMOS 2251 DEB
1 33766U 93036P   26201.15129224  .00000596  00000+0  21071-3 0  9996
2 33766  74.1859  96.3017 0063905 237.2712 122.2272 14.35579202908939
COSMOS 2251 DEB
1 33768U 93036R   26201.12060741  .00000073  00000+0  84357-4 0  9990
2 33768  74.0663 225.7234 0367859 334.6950  78.2835 13.58625961862755
COSMOS 2251 DEB
1 33779U 93036U   26201.17853296  .00006760  00000+0  10009-2 0  9992
2 33779  74.0431 103.3239 0014443  90.7123  60.0774 14.75262511917598
COSMOS 2251 DEB
1 33819U 93036BL  26201.04414139  .00000930  00000+0  33441-3 0  9991
2 33819  74.1780 172.8946 0089616 331.3989  98.0146 14.32942176906367
COSMOS 2251 DEB
1 33821U 93036BN  26201.27397772  .00021473  00000+0  51796-3 0  9990
2 33821  74.0246  33.0793 0032831   8.6435 351.5331 15.40567921783650
COSMOS 2251 DEB
1 33822U 93036BP  26201.02862664  .00001126  00000+0  54025-3 0  9992
2 33822  74.0673 166.1024 0150672 160.2336 271.4442 14.14254816891535
COSMOS 2251 DEB
1 33823U 93036BQ  26201.21101046  .00000555  00000+0  33111-3 0  9992
2 33823  73.8098 124.5174 0208396 211.7404 301.1402 13.99408104886795
COSMOS 2251 DEB
1 33825U 93036BS  26201.32399485  .00002505  00000+0  37618-3 0  9995
2 33825  73.9836 319.4448 0077018 234.1735 156.2467 14.73138095921105
COSMOS 2251 DEB
1 33826U 93036BT  26201.21802880  .00000688  00000+0  16109-3 0  9994
2 33826  74.0638 356.2812 0083045 347.3942 189.7082 14.54547061909573
COSMOS 2251 DEB
1 33828U 93036BV  26201.12020742  .00000535  00000+0  16037-3 0  9996
2 33828  74.0446 189.9024 0029520 213.5715 222.0060 14.44936289914811
COSMOS 2251 DEB
1 33830U 93036BX  26201.31541361  .00002229  00000+0  29947-3 0  9991
2 33830  74.0308 158.8883 0042850 226.1291 294.7231 14.79329759927163
COSMOS 2251 DEB
1 33832U 93036BZ  26200.90204644  .00002515  00000+0  49156-3 0  9999
2 33832  74.0540 150.7769 0021763 132.8453 283.1155 14.63299867916287
COSMOS 2251 DEB
1 33835U 93036CC  26201.25552146  .00001669  00000+0  31674-3 0  9999
2 33835  74.0550  40.5230 0054552  37.0800  81.7842 14.64103451920008
COSMOS 2251 DEB
1 33836U 93036CD  26201.00940556  .00003852  00000+0  47121-3 0  9999
2 33836  73.9948 184.8117 0024410 332.3062  93.4511 14.83390139673364
COSMOS 2251 DEB
1 33837U 93036CE  26201.17134984  .00000452  00000+0  12033-3 0  9995
2 33837  74.0125   2.3158 0033955 171.2657 188.9103 14.51114051919785
COSMOS 2251 DEB
1 33838U 93036CF  26201.14870934  .00000476  00000+0  13248-3 0  9990
2 33838  74.0368  98.6928 0026701 167.4610 342.8927 14.48943067917466
COSMOS 2251 DEB
1 33839U 93036CG  26201.28725396  .00000391  00000+0  75441-4 0  9997
2 33839  74.0391 144.3909 0084364 201.7541 309.5018 14.64971317927947
COSMOS 2251 DEB
1 33911U 93036DQ  26201.12806021  .00004443  00000+0  58756-3 0  9997
2 33911  74.0887  92.5907 0010053 321.6755 188.7086 14.80241037918852
COSMOS 2251 DEB
1 33912U 93036DR  26201.31150345  .00001189  00000+0  29390-3 0  9996
2 33912  74.0336 135.6241 0010938 170.7357 348.7240 14.53128867916218
COSMOS 2251 DEB
1 33913U 93036DS  26200.86229078  .00000658  00000+0  17724-3 0  9994
2 33913  74.0336 132.7951 0047564 182.9573 233.9059 14.49286207916317
COSMOS 2251 DEB
1 33914U 93036DT  26200.90574564  .00000187  00000+0  16357-3 0  9991
2 33914  74.0899  13.7861 0303588  65.7152  99.2195 13.72251364870877
COSMOS 2251 DEB
1 33915U 93036DU  26201.19554604  .00000405  00000+0  14043-3 0  9990
2 33915  74.0433 351.7004 0105920  29.8398 147.6831 14.35643554909064
COSMOS 2251 DEB
1 33916U 93036DV  26201.32892807  .00000244  00000+0  21273-3 0  9990
2 33916  74.0507  39.7338 0324189 162.8317  13.7956 13.68787986868955
COSMOS 2251 DEB
1 33917U 93036DW  26201.19556703  .00000210  00000+0  17803-3 0  9995
2 33917  74.1055 122.3600 0334013 171.4986 189.1995 13.69920956867385
COSMOS 2251 DEB
1 33920U 93036DZ  26201.10266202  .00002269  00000+0  46200-3 0  9991
2 33920  74.0581 240.4182 0032339 200.1396 159.8497 14.61327737913160
