# generated_utc: 2026-08-02T11:29:28Z
# git_commit: 9556efb
# source: preset:leo_mixed
# config: horizon=720min step=5min screening_step=30.0s label_threshold_km=50.0 label_relative_velocity_km_s=10.0 candidate_threshold_km=200.0 fixed_threshold_km=25.0 leo_altitude_km=[160.0,2000.0] experiment_config=config/experiment_10_days_v3.json
snapshot_utc,object_1,object_2,tle_epoch_1_utc,tle_epoch_2_utc,max_tle_age_hours,tca_utc,time_to_tca_min,current_distance_km,min_distance_km,relative_velocity_km_s,altitude_1_km,altitude_2_km,altitude_difference_km,relative_radial_km,relative_intrack_km,relative_crosstrack_km,relative_inclination_deg,radial_velocity_km_s,tangential_velocity_km_s,approach_angle_deg,risk_score,fixed_threshold_alarm,risk_label,tca_boundary_flag,object_1_catalog_id,object_2_catalog_id
2026-08-02T11:23:11Z,COSMOS 2251 DEB,COSMOS 2251 DEB,2026-08-02T01:28:28Z,2026-08-02T05:26:11Z,9.912,2026-08-02T17:17:41.241101Z,354.504018350,9102.330,4.443,13.787425,651.741,630.724,21.017,3.633,1.222,-2.246,131.926,-9.651026,0.250998,178.510,4.6787882278,1,1,0,33779,33825
2026-08-02T11:23:11Z,LANDSAT 9,COSMOS 2251 DEB,2026-08-02T03:16:53Z,2026-08-02T04:54:36Z,8.105,2026-08-02T19:49:52.036264Z,506.683937733,9070.688,7.881,14.994306,708.942,692.729,16.213,-7.784,-0.136,-1.225,171.979,-11.488495,0.329684,178.356,2.4662007571,1,1,0,49260,33913
2026-08-02T11:23:11Z,IRIDIUM 33 DEB,COSMOS 2251 DEB,2026-08-02T02:25:43Z,2026-08-01T23:03:53Z,12.321,2026-08-02T16:28:55.845025Z,305.747417083,4061.269,11.403,14.580292,780.658,798.130,17.472,1.254,-1.948,11.165,155.739,-13.953965,0.434577,178.216,2.0143650936,1,1,0,33776,33819
2026-08-02T11:23:11Z,AQUA,IRIDIUM 33 DEB,2026-08-02T04:23:24Z,2026-08-01T23:04:21Z,12.314,2026-08-02T15:53:48.399157Z,270.623319283,11091.601,13.413,11.786629,689.522,674.638,14.885,-13.369,0.753,0.792,103.238,-0.027865,0.214864,97.389,1.4271539784,1,1,0,27424,34521
2026-08-02T11:23:11Z,IRIDIUM 33 DEB,COSMOS 2251 DEB,2026-08-02T04:38:23Z,2026-08-02T04:25:23Z,6.963,2026-08-02T12:50:30.761255Z,87.329354250,9430.609,22.560,14.773419,704.140,721.930,17.791,2.412,-3.629,22.136,160.177,10.891067,0.016123,0.085,1.2302474625,1,1,0,33777,33912
2026-08-02T11:23:11Z,TERRA,COSMOS 2251 DEB,2026-08-02T04:14:41Z,2026-08-02T04:25:23Z,7.141,2026-08-02T11:37:15.839918Z,14.080665300,10683.372,28.971,14.492890,695.702,721.930,26.228,28.887,-0.559,-2.138,150.955,-9.091786,0.004538,179.971,0.9907276484,0,1,0,25994,33912
2026-08-02T11:23:11Z,TIMED,IRIDIUM 33 DEB,2026-08-01T23:17:37Z,2026-08-02T02:44:03Z,12.093,2026-08-02T18:13:04.614129Z,409.893568817,11934.731,18.787,12.963556,585.136,593.804,8.669,14.135,6.167,-10.730,118.221,-0.204036,0.333704,121.443,0.9872319139,1,1,0,26998,34079
2026-08-02T11:23:11Z,AQUA,IRIDIUM 33 DEB,2026-08-02T04:23:24Z,2026-08-02T01:15:24Z,10.130,2026-08-02T13:25:10.131699Z,121.985528317,12448.694,26.967,13.250804,689.522,672.269,17.254,-25.512,-4.171,7.679,123.984,-0.808024,0.126541,171.099,0.8994785794,0,1,0,27424,34077
2026-08-02T11:23:11Z,IRIDIUM 33 DEB,COSMOS 2251 DEB,2026-08-02T04:38:23Z,2026-08-01T21:39:49Z,13.723,2026-08-02T11:28:53.717739Z,5.711962317,4820.773,32.590,14.377123,704.140,744.066,39.927,32.457,0.806,-2.832,145.728,-13.448279,0.074621,179.682,0.8787932278,0,1,0,33777,33822
2026-08-02T11:23:11Z,COSMOS 2251 DEB,COSMOS 2251 DEB,2026-08-02T03:21:18Z,2026-08-02T01:26:18Z,9.948,2026-08-02T12:23:11.063376Z,60.001056267,7993.681,36.593,14.357838,789.713,709.520,80.192,-35.369,2.307,9.094,147.709,-11.656642,0.097711,179.520,0.7520431889,0,1,0,33757,33838
2026-08-02T11:23:11Z,COSMOS 2251 DEB,COSMOS 2251 DEB,2026-08-02T01:28:28Z,2026-08-02T00:58:57Z,10.404,2026-08-02T15:11:40.583039Z,228.493050650,11084.626,31.558,13.472655,651.741,668.760,17.020,30.296,3.921,-7.917,127.360,6.456854,0.482129,4.270,0.7183536643,0,1,0,33779,33920
2026-08-02T11:23:11Z,NOAA 20 (JPSS-1),COSMOS 2251 DEB,2026-08-02T04:04:29Z,2026-08-01T17:25:27Z,17.962,2026-08-02T12:20:07.261582Z,56.937693033,5451.601,44.383,14.778233,819.529,700.397,119.132,0.985,3.560,-44.229,170.553,-13.785529,0.259436,178.922,0.6396071570,0,1,0,43013,33915
2026-08-02T11:23:11Z,IRIDIUM 33 DEB,COSMOS 2251 DEB,2026-08-02T05:27:18Z,2026-08-02T04:00:18Z,7.381,2026-08-02T14:44:41.721137Z,201.512018950,2149.102,42.199,14.353943,759.304,731.216,28.088,-28.301,-8.680,-30.074,147.817,-14.109053,1.335287,174.594,0.5850946372,0,1,0,33850,33758
2026-08-02T11:23:11Z,AQUA,COSMOS 2251 DEB,2026-08-02T04:23:24Z,2026-08-02T01:28:28Z,9.912,2026-08-02T16:38:45.552285Z,315.575871417,11242.727,35.369,12.258293,689.522,651.741,37.782,-34.735,-3.717,-5.534,109.531,-2.529546,0.816936,162.102,0.5412580785,0,1,0,27424,33779
2026-08-02T11:23:11Z,NOAA 15,COSMOS 2251 DEB,2026-08-02T04:15:47Z,2026-08-01T21:39:49Z,13.723,2026-08-02T16:23:25.311946Z,300.238532433,2741.131,33.619,10.964808,797.489,744.066,53.423,-32.136,-6.588,7.355,94.331,10.091952,3.294871,18.081,0.5163011704,0,1,0,25338,33822
2026-08-02T11:23:11Z,SENTINEL-2A,COSMOS 2251 DEB,2026-08-02T03:48:37Z,2026-08-01T23:03:53Z,12.321,2026-08-02T14:13:54.670704Z,170.727845067,12796.782,50.355,13.999231,792.635,798.130,5.495,50.070,-1.471,5.145,140.705,-4.508537,0.101379,178.712,0.4900952661,0,0,0,40697,33819
2026-08-02T11:23:11Z,CRYOSAT 2,IRIDIUM 33 DEB,2026-08-02T04:32:18Z,2026-08-01T22:15:20Z,13.131,2026-08-02T11:35:23.009730Z,12.200162167,5423.031,33.209,8.191160,713.573,787.795,74.222,21.190,21.425,13.957,66.114,-5.891884,0.073260,179.288,0.4891331271,0,0,0,36508,33866
2026-08-02T11:23:11Z,IRIDIUM 33 DEB,COSMOS 2251 DEB,2026-08-01T19:06:50Z,2026-08-01T21:39:49Z,16.272,2026-08-02T11:44:48.703221Z,21.628387017,13760.931,61.414,14.767018,763.191,744.066,19.125,21.227,10.010,-56.753,160.481,-3.066687,0.080277,178.501,0.4736789387,0,0,0,33773,33822
2026-08-02T11:23:11Z,COSMOS 2251 DEB,COSMOS 2251 DEB,2026-08-01T23:03:53Z,2026-08-02T01:30:58Z,12.321,2026-08-02T13:01:35.897224Z,98.414953733,1281.434,57.271,14.295669,798.130,747.467,50.663,-57.261,-0.580,-0.936,147.080,14.110919,1.882616,7.599,0.4651080864,0,0,0,33819,33837
2026-08-02T11:23:11Z,IRIDIUM 33 DEB,COSMOS 2251 DEB,2026-08-02T04:41:21Z,2026-08-02T03:38:26Z,7.746,2026-08-02T16:00:05.644723Z,276.910745383,13841.508,49.597,14.254877,749.329,1043.203,293.874,37.708,-9.694,30.725,145.020,-1.512971,1.048923,145.267,0.4642885837,0,1,0,33775,33823
2026-08-02T11:23:11Z,COSMOS 2251 DEB,COSMOS 2251 DEB,2026-08-02T01:02:16Z,2026-08-02T02:58:56Z,10.348,2026-08-02T12:24:03.604050Z,60.876734167,6417.589,44.164,10.422082,802.550,758.142,44.408,-28.242,-24.356,23.656,88.453,-7.984882,0.143967,178.967,0.4520196670,0,1,0,33766,33828
2026-08-02T11:23:11Z,IRIDIUM 33 DEB,COSMOS 2251 DEB,2026-08-01T19:06:50Z,2026-08-02T04:39:15Z,16.272,2026-08-02T15:40:33.320403Z,257.372006717,7786.849,55.052,14.463944,763.191,624.805,138.387,-31.813,11.870,43.334,149.869,-11.916743,0.570459,177.259,0.4315457060,0,0,0,33773,33839
2026-08-02T11:23:11Z,COSMOS 2251 DEB,COSMOS 2251 DEB,2026-08-02T04:22:54Z,2026-08-02T01:30:58Z,9.870,2026-08-02T18:40:29.742922Z,437.312382033,6092.645,45.596,13.888977,701.636,747.467,45.832,25.068,14.785,-35.099,134.761,12.170867,1.482919,6.947,0.4242104575,0,1,0,33832,33837
2026-08-02T11:23:11Z,COSMOS 2251 DEB,COSMOS 2251 DEB,2026-08-02T05:26:11Z,2026-08-02T04:54:36Z,6.476,2026-08-02T16:38:41.682477Z,315.511374617,12890.499,56.830,14.396938,630.724,692.729,62.005,8.463,15.752,-53.944,147.408,-4.352976,0.758597,170.114,0.3956535695,0,0,0,33825,33913
2026-08-02T11:23:11Z,CRYOSAT 2,COSMOS 2251 DEB,2026-08-02T04:32:18Z,2026-08-02T03:38:26Z,7.746,2026-08-02T19:17:57.629030Z,474.777150500,13665.887,52.365,14.880181,713.573,1043.203,329.630,35.090,-5.539,38.472,163.828,-4.617963,1.112265,166.458,0.3809469280,0,0,0,36508,33823
2026-08-02T11:23:11Z,IRIDIUM 33 DEB,COSMOS 2251 DEB,2026-08-02T04:38:23Z,2026-08-02T03:38:26Z,7.746,2026-08-02T19:19:25.998725Z,476.249978750,14085.108,55.134,14.708236,704.140,1043.203,339.063,54.653,-1.044,7.190,156.376,-2.481365,1.712422,145.390,0.3570888596,0,0,0,33777,33823
2026-08-02T11:23:11Z,IRIDIUM 33 DEB,COSMOS 2251 DEB,2026-08-02T03:58:35Z,2026-08-02T04:00:18Z,7.410,2026-08-02T14:43:01.704112Z,199.845068533,2342.598,71.166,14.212376,661.507,731.216,69.710,70.141,-3.707,-11.451,142.822,-13.841361,2.084020,171.438,0.3439839081,0,0,0,33860,33758
2026-08-02T11:23:11Z,IRIDIUM 33 DEB,COSMOS 2251 DEB,2026-08-02T02:25:43Z,2026-08-02T03:23:58Z,8.958,2026-08-02T20:19:44.146327Z,536.552438783,8787.395,41.076,11.237542,780.658,782.270,1.611,29.949,18.464,-21.198,97.651,6.444051,0.686598,6.082,0.3432862691,0,1,0,33776,33762
2026-08-02T11:23:11Z,IRIDIUM 33 DEB,COSMOS 2251 DEB,2026-08-02T03:26:46Z,2026-08-02T01:28:28Z,9.912,2026-08-02T14:50:04.225488Z,206.887091467,8124.067,73.542,14.567600,736.214,651.741,84.474,-72.875,-2.443,9.570,152.526,-11.747348,0.646679,176.849,0.3392543058,0,0,0,34071,33779
2026-08-02T11:23:11Z,SENTINEL-2A,COSMOS 2251 DEB,2026-08-02T03:48:37Z,2026-08-02T01:26:18Z,9.948,2026-08-02T15:12:29.564439Z,229.309407317,13145.948,70.933,14.205420,792.635,709.520,83.115,-50.785,15.245,-47.117,144.672,3.702790,0.387465,5.974,0.3367483873,0,0,0,40697,33838
2026-08-02T11:23:11Z,COSMOS 2251 DEB,COSMOS 2251 DEB,2026-08-01T19:04:09Z,2026-08-02T00:58:57Z,16.317,2026-08-02T22:02:06.621585Z,638.927026417,2705.491,42.998,12.252000,738.593,668.760,69.833,9.282,-24.232,-34.286,109.599,11.133889,4.480644,21.921,0.3170265109,0,1,0,33826,33920
2026-08-02T11:23:11Z,COSMOS 2251 DEB,COSMOS 2251 DEB,2026-08-02T05:26:11Z,2026-08-02T05:32:45Z,5.950,2026-08-02T20:55:07.601369Z,571.943356150,10206.283,54.482,14.309397,630.724,661.524,30.801,54.038,2.388,6.510,142.817,9.198791,0.490303,3.051,0.3166559343,0,0,0,33825,33830
2026-08-02T11:23:11Z,AURA,IRIDIUM 33 DEB,2026-08-02T03:14:06Z,2026-08-02T04:41:21Z,8.151,2026-08-02T21:42:11.975671Z,619.016261183,13310.860,53.386,14.015854,693.583,749.329,55.746,53.385,-0.021,0.390,138.204,-1.141818,1.353173,130.158,0.2993592786,0,0,0,28376,33775
2026-08-02T11:23:11Z,IRIDIUM 33 DEB,COSMOS 2251 DEB,2026-08-01T19:01:08Z,2026-08-02T02:48:08Z,16.367,2026-08-02T12:52:55.944512Z,89.749075200,6638.074,78.771,12.146829,688.972,741.685,52.713,52.853,-34.159,47.377,108.077,9.909944,0.460640,2.661,0.2891871875,0,0,0,33953,33764
2026-08-02T11:23:11Z,IRIDIUM 33 DEB,COSMOS 2251 DEB,2026-08-02T02:25:43Z,2026-08-02T04:22:54Z,8.958,2026-08-02T13:01:22.347749Z,98.189129150,953.768,90.871,13.915267,780.658,701.636,79.023,-78.870,16.386,-42.055,137.356,13.432434,3.531645,14.731,0.2853809005,0,0,0,33776,33832
2026-08-02T11:23:11Z,IRIDIUM 33 DEB,COSMOS 2251 DEB,2026-08-02T04:38:23Z,2026-08-02T00:51:41Z,10.525,2026-08-02T18:20:42.000857Z,417.516680950,12774.878,67.722,13.566947,704.140,627.749,76.391,-67.130,3.891,8.043,128.750,0.546454,1.358977,68.095,0.2844943867,0,0,0,33777,33911
2026-08-02T11:23:11Z,HST,RESURS-DK 1,2026-08-02T03:55:59Z,2026-08-02T02:33:45Z,8.824,2026-08-02T12:12:34.621965Z,49.393699417,1200.398,63.506,9.287796,472.175,527.305,55.130,60.648,-14.853,-11.584,75.143,-9.019395,1.759773,168.960,0.2824686998,0,0,0,20580,29228
2026-08-02T11:23:11Z,SWARM B,TIMED,2026-08-02T03:40:23Z,2026-08-01T23:17:37Z,12.093,2026-08-02T12:13:41.084340Z,50.501405667,2569.451,102.426,14.982604,486.648,585.136,98.487,102.426,-0.009,-0.024,160.724,-14.681590,0.782537,176.949,0.2822947051,0,0,0,39451,26998
2026-08-02T11:23:11Z,IRIDIUM 33 DEB,COSMOS 2251 DEB,2026-08-01T22:15:20Z,2026-08-01T22:58:31Z,13.131,2026-08-02T11:48:21.040007Z,25.167333450,13789.838,103.479,14.714031,787.795,607.510,180.285,-101.771,-4.288,-18.222,154.486,0.534951,0.138658,14.531,0.2794176222,0,0,0,33866,33836
2026-08-02T11:23:11Z,IRIDIUM 33 DEB,COSMOS 2251 DEB,2026-08-01T19:06:50Z,2026-08-02T03:37:01Z,16.272,2026-08-02T12:05:01.154023Z,41.835900383,5636.474,83.041,11.930252,763.191,768.484,5.293,48.539,-40.373,53.943,105.948,10.359571,0.006763,0.037,0.2789865273,0,0,0,33773,33760
2026-08-02T11:23:11Z,IRIDIUM 33 DEB,COSMOS 2251 DEB,2026-08-02T01:15:24Z,2026-08-02T04:54:36Z,10.130,2026-08-02T19:18:14.591198Z,475.059853300,12738.984,71.876,14.520735,672.269,692.729,20.460,64.934,-8.136,-29.723,150.835,5.341623,0.810337,8.626,0.2707536768,0,0,0,34077,33913
2026-08-02T11:23:11Z,IRIDIUM 33 DEB,COSMOS 2251 DEB,2026-08-02T03:26:46Z,2026-08-01T22:58:31Z,12.411,2026-08-02T13:42:08.938117Z,138.965635283,6117.015,85.417,12.766704,736.214,607.510,128.704,-83.965,-8.390,13.252,116.255,10.887026,1.715553,8.955,0.2700782361,0,0,0,34071,33836
2026-08-02T11:23:11Z,CRYOSAT 2,COSMOS 2251 DEB,2026-08-02T04:32:18Z,2026-08-01T21:39:49Z,13.723,2026-08-02T13:06:49.310438Z,103.638507300,2642.894,99.141,14.299702,713.573,744.066,30.494,26.665,-29.585,90.789,144.095,-13.950996,1.494800,173.884,0.2677103770,0,0,0,36508,33822
2026-08-02T11:23:11Z,LANDSAT 8,SENTINEL-1A,2026-08-02T04:06:10Z,2026-08-02T04:09:27Z,7.283,2026-08-02T11:57:07.202240Z,33.936704000,6077.258,56.413,7.718902,700.792,692.198,8.594,-7.162,47.998,28.764,62.033,4.283358,0.034765,0.465,0.2672074878,0,0,0,39084,39634
2026-08-02T11:23:11Z,SENTINEL-5P,COSMOS 2251 DEB,2026-08-01T19:20:56Z,2026-08-02T01:30:58Z,16.037,2026-08-02T11:25:50.604343Z,2.660072383,2366.652,114.653,14.880229,828.862,747.467,81.395,-86.240,4.803,75.398,172.750,-14.657620,0.704967,177.246,0.2590912497,0,0,0,42969,33837
2026-08-02T11:23:11Z,IRIDIUM 33 DEB,COSMOS 2251 DEB,2026-08-01T19:01:08Z,2026-08-02T00:58:57Z,16.367,2026-08-02T21:57:08.597668Z,633.959961133,4999.913,49.252,11.215312,688.972,668.760,20.212,-18.353,-30.505,-34.035,97.038,9.801327,1.511711,8.768,0.2549244475,0,1,0,33953,33920
2026-08-02T11:23:11Z,COSMOS 2251 DEB,COSMOS 2251 DEB,2026-08-02T05:13:36Z,2026-08-01T17:25:27Z,17.962,2026-08-02T20:47:17.484850Z,564.108080833,6614.224,62.592,12.686976,1214.839,700.397,514.442,35.116,-27.309,44.033,115.436,3.600701,13.285187,74.835,0.2465783417,0,0,0,33768,33915
2026-08-02T11:23:11Z,IRIDIUM 33 DEB,COSMOS 2251 DEB,2026-08-01T19:01:08Z,2026-08-01T23:03:53Z,16.367,2026-08-02T11:54:50.592526Z,31.659875433,12622.219,118.325,14.646217,688.972,798.130,109.158,4.176,-25.406,-115.490,154.985,6.085256,0.076992,0.725,0.2421157978,0,0,0,33953,33819
2026-08-02T11:23:11Z,SENTINEL-3A,COSMOS 2251 DEB,2026-08-02T03:38:18Z,2026-08-02T01:26:18Z,9.948,2026-08-02T21:48:55.408756Z,625.740145933,13887.593,70.528,14.429453,809.531,709.520,100.011,-65.241,-6.934,25.877,151.032,-0.478839,1.083911,113.834,0.2313768210,0,0,0,41335,33838
2026-08-02T11:23:11Z,IRIDIUM 33 DEB,COSMOS 2251 DEB,2026-08-01T23:04:21Z,2026-08-02T01:26:18Z,12.314,2026-08-02T20:55:02.197014Z,571.853283567,13057.143,74.900,14.136620,674.638,709.520,34.882,52.695,-18.164,-50.033,140.508,3.042415,1.070492,19.385,0.2275740727,0,0,0,34521,33838
2026-08-02T11:23:11Z,RESURS-DK 1,COSMOS 2251 DEB,2026-08-02T02:33:45Z,2026-08-02T00:51:41Z,10.525,2026-08-02T15:25:17.226190Z,242.103769833,1562.651,104.295,14.006740,527.305,627.749,100.444,103.933,-3.144,8.085,135.454,-11.456543,8.011925,145.034,0.2234405037,0,0,0,29228,33911
2026-08-02T11:23:11Z,CYGFM05,COSMOS 2251 DEB,2026-08-01T16:24:48Z,2026-08-02T00:01:25Z,18.973,2026-08-02T15:54:12.499452Z,271.024990867,5289.010,70.672,9.685531,387.049,444.511,57.462,69.893,-8.164,-6.549,78.369,7.241221,4.066451,29.317,0.2225087961,0,0,0,41884,33765
2026-08-02T11:23:11Z,AQUA,COSMOS 2251 DEB,2026-08-02T04:23:24Z,2026-08-01T20:54:41Z,14.475,2026-08-02T17:39:53.314179Z,376.705236317,14055.613,103.065,14.940712,689.522,1217.783,528.261,100.355,3.757,23.175,164.438,-3.890357,1.380516,160.462,0.2140831768,0,0,0,27424,33914
2026-08-02T11:23:11Z,IRIDIUM 33 DEB,COSMOS 2251 DEB,2026-08-02T02:44:03Z,2026-08-02T04:22:54Z,8.652,2026-08-02T20:36:34.619725Z,553.393662083,11555.091,80.264,13.890732,593.804,701.636,107.831,67.704,-16.691,39.747,133.983,-6.368518,2.086905,161.857,0.2131100961,0,0,0,34079,33832
2026-08-02T11:23:11Z,IRIDIUM 33,COSMOS 2251 DEB,2026-08-02T00:43:50Z,2026-08-02T05:32:45Z,10.656,2026-08-02T14:45:50.392047Z,202.656534117,4280.809,118.491,14.595949,765.083,661.524,103.559,-111.741,-9.070,-38.363,153.705,-13.738860,2.183165,170.971,0.2116922016,0,0,0,24946,33830
2026-08-02T11:23:11Z,TIMED,COSMOS 2251 DEB,2026-08-01T23:17:37Z,2026-08-01T17:25:27Z,17.962,2026-08-02T14:35:33.006401Z,192.366773350,3802.277,119.377,14.512393,585.136,700.397,115.261,117.224,-6.548,-21.599,147.665,13.495085,3.754809,15.548,0.2106546937,0,0,0,26998,33915
2026-08-02T11:23:11Z,IRIDIUM 33 DEB,IRIDIUM 33 DEB,2026-08-01T19:01:08Z,2026-08-02T04:29:22Z,16.367,2026-08-02T12:06:02.375829Z,42.856263817,4858.193,127.304,13.797515,688.972,574.259,114.713,-127.280,0.944,2.285,133.274,12.815469,0.690392,3.084,0.2103135514,0,0,0,33953,33960
2026-08-02T11:23:11Z,AURA,COSMOS 2251 DEB,2026-08-02T03:14:06Z,2026-08-01T20:54:41Z,14.475,2026-08-02T13:53:41.534825Z,150.508913750,2238.383,128.081,15.020108,693.583,1217.783,524.200,117.469,2.390,50.993,172.437,13.855857,4.139309,16.633,0.2100257578,0,0,0,28376,33914
2026-08-02T11:23:11Z,HST,SWARM A,2026-08-02T03:55:59Z,2026-08-02T03:47:48Z,7.590,2026-08-02T15:17:32.447088Z,234.357451467,1028.575,83.123,10.315498,472.175,424.163,48.012,-52.707,-47.750,43.028,84.801,-4.774700,9.227044,117.360,0.2078036100,0,0,0,20580,39452
2026-08-02T11:23:11Z,SENTINEL-3A,COSMOS 2251 DEB,2026-08-02T03:38:18Z,2026-08-02T04:22:54Z,7.748,2026-08-02T12:22:46.580638Z,59.593010633,8008.133,136.156,14.656952,809.531,701.636,107.896,-135.491,2.640,-13.186,155.957,-11.947699,0.225260,178.920,0.2063860789,0,0,0,41335,33832
2026-08-02T11:23:11Z,TERRA,TIMED,2026-08-02T04:14:41Z,2026-08-01T23:17:37Z,12.093,2026-08-02T15:45:09.648315Z,261.977471917,11382.153,104.866,13.179019,695.702,585.136,110.566,-104.405,-4.776,8.579,121.806,-4.995755,1.537702,162.892,0.2056221947,0,0,0,25994,26998
2026-08-02T11:23:11Z,IRIDIUM 33 DEB,COSMOS 2251 DEB,2026-08-02T02:44:03Z,2026-08-02T04:25:23Z,8.652,2026-08-02T11:42:29.903876Z,19.315064600,12702.936,138.231,14.356235,593.804,721.930,128.126,129.245,-14.129,-46.948,145.540,-4.678838,0.058588,179.283,0.2049273814,0,0,0,34079,33912
2026-08-02T11:23:11Z,LANDSAT 8,COSMOS 2251 DEB,2026-08-02T04:06:10Z,2026-08-01T23:03:53Z,12.321,2026-08-02T20:06:02.453987Z,522.857566450,13291.031,87.232,13.946924,700.792,798.130,97.338,20.258,31.142,78.925,136.859,-0.534287,1.621150,108.241,0.2036616894,0,0,0,39084,33819
2026-08-02T11:23:11Z,CSS (TIANHE),CYGFM04,2026-08-02T03:49:12Z,2026-08-02T04:57:13Z,7.566,2026-08-02T22:24:30.768970Z,661.329482833,6729.338,44.307,8.343535,392.568,372.735,19.834,-14.658,35.150,-22.643,65.771,-3.428727,1.146117,161.517,0.2036576825,0,0,0,48274,41885
2026-08-02T11:23:11Z,IRIDIUM 33 DEB,COSMOS 2251 DEB,2026-08-02T04:16:49Z,2026-08-02T01:26:18Z,9.948,2026-08-02T22:36:08.200154Z,672.953335900,11803.717,78.478,13.845649,680.776,709.520,28.744,50.217,22.900,55.792,134.604,6.277391,2.408314,20.989,0.1879542653,0,0,0,33862,33838
2026-08-02T11:23:11Z,TIMED,IRIDIUM 33 DEB,2026-08-01T23:17:37Z,2026-08-01T19:01:08Z,16.367,2026-08-02T19:15:10.122710Z,471.985378500,11862.645,109.244,14.826820,585.136,688.972,103.837,108.198,2.413,14.887,158.660,7.602785,1.233746,9.217,0.1824741890,0,0,0,26998,33953
2026-08-02T11:23:11Z,IRIDIUM 33 DEB,COSMOS 2251 DEB,2026-08-02T04:29:22Z,2026-08-01T19:04:09Z,16.317,2026-08-02T17:02:28.637576Z,339.293959600,2789.893,121.083,14.401481,574.259,738.593,164.334,117.439,7.955,-28.388,146.135,12.491476,6.806550,28.586,0.1818291009,0,0,0,33960,33826
2026-08-02T11:23:11Z,COSMOS 2251 DEB,COSMOS 2251 DEB,2026-08-02T05:13:36Z,2026-08-02T01:30:58Z,9.870,2026-08-02T20:48:29.642686Z,565.310711433,6394.848,89.465,13.289677,1214.839,747.467,467.372,-45.844,35.930,-67.908,123.698,-3.137429,13.923867,102.698,0.1804604403,0,0,0,33768,33837
2026-08-02T11:23:11Z,IRIDIUM 33 DEB,COSMOS 2251 DEB,2026-08-02T04:38:23Z,2026-08-02T04:39:15Z,6.746,2026-08-02T12:06:17.453112Z,43.107551867,5356.488,160.387,14.727663,704.140,624.805,79.335,36.190,27.056,153.890,159.781,13.689917,0.453090,1.896,0.1781543443,0,0,0,33777,33839
2026-08-02T11:23:11Z,NOAA 20 (JPSS-1),COSMOS 2251 DEB,2026-08-02T04:04:29Z,2026-08-02T05:13:36Z,7.311,2026-08-02T19:00:05.555418Z,456.909256967,8177.873,53.842,6.948398,819.529,1214.839,395.310,-50.505,-16.506,8.703,55.146,2.122399,8.970002,76.688,0.1762076143,0,0,0,43013,33768
2026-08-02T11:23:11Z,SENTINEL-3A,COSMOS 2251 DEB,2026-08-02T03:38:18Z,2026-08-02T01:28:28Z,9.912,2026-08-02T11:43:10.682500Z,19.994708333,13237.315,163.655,14.608994,809.531,651.741,157.791,-150.528,14.050,-62.664,155.555,-4.434808,0.071868,179.072,0.1760553944,0,0,0,41335,33779
2026-08-02T11:23:11Z,AURA,COSMOS 2251 DEB,2026-08-02T03:14:06Z,2026-08-02T00:51:41Z,10.525,2026-08-02T21:39:17.622448Z,616.110374133,11128.510,79.618,12.160605,693.583,627.749,65.835,-54.100,34.582,-47.079,107.790,2.930372,2.318363,38.349,0.1747744992,0,0,0,28376,33911
2026-08-02T11:23:11Z,TIMED,IRIDIUM 33 DEB,2026-08-01T23:17:37Z,2026-08-02T04:16:49Z,12.093,2026-08-02T23:07:54.849807Z,704.730830117,13460.515,85.504,14.458898,585.136,680.776,95.641,80.010,-8.592,28.903,147.270,0.981927,1.352351,54.017,0.1726890158,0,0,0,26998,33862
2026-08-02T11:23:11Z,COSMOS 2251 DEB,COSMOS 2251 DEB,2026-08-02T01:02:16Z,2026-08-01T19:04:09Z,16.317,2026-08-02T18:05:47.639449Z,402.610657483,2933.593,92.579,11.032950,802.550,738.593,63.957,-44.660,54.436,-60.108,95.712,-9.262788,5.632511,148.697,0.1717080975,0,0,0,33766,33826
2026-08-02T11:23:11Z,CYGFM05,COSMOS 2251 DEB,2026-08-01T16:24:48Z,2026-08-02T03:04:17Z,18.973,2026-08-02T21:54:22.611135Z,631.193518917,6845.381,47.355,7.207025,387.049,455.470,68.421,38.019,24.909,13.288,56.054,1.716719,3.780413,65.577,0.1709646811,0,0,0,41884,33821
2026-08-02T11:23:11Z,NOAA 21 (JPSS-2),LANDSAT 9,2026-08-02T03:09:05Z,2026-08-02T03:16:53Z,8.235,2026-08-02T14:29:12.788912Z,186.029815200,10123.230,138.096,13.453592,834.674,708.942,125.732,-125.880,-24.925,51.023,128.896,8.356315,1.368474,9.301,0.1696729237,0,0,0,54234,49260
2026-08-02T11:23:11Z,IRIDIUM 33 DEB,COSMOS 2251 DEB,2026-08-02T04:41:21Z,2026-08-02T00:51:41Z,10.525,2026-08-02T16:45:18.884022Z,322.131400367,11947.521,115.276,12.580691,749.329,627.749,121.581,-107.521,22.999,34.622,113.669,1.344231,2.161905,58.127,0.1694436325,0,0,0,33775,33911
2026-08-02T11:23:11Z,SENTINEL-5P,IRIDIUM 33 DEB,2026-08-01T19:20:56Z,2026-08-02T01:15:24Z,16.037,2026-08-02T11:48:06.993233Z,24.933220550,13836.312,168.125,14.493892,828.862,672.269,156.593,-166.215,-6.161,24.506,152.040,-0.029836,0.144369,101.677,0.1694329643,0,0,0,42969,34077
2026-08-02T11:23:11Z,CRYOSAT 2,COSMOS 2251 DEB,2026-08-02T04:32:18Z,2026-08-02T02:54:32Z,8.477,2026-08-02T12:40:17.639781Z,77.110663017,14545.935,167.164,14.798676,713.573,1234.321,520.749,166.438,4.710,-14.829,164.018,0.810246,0.461810,29.682,0.1675746611,0,0,0,36508,33917
2026-08-02T11:23:11Z,LANDSAT 8,COSMOS 2251 DEB,2026-08-02T04:06:10Z,2026-08-02T04:39:15Z,7.283,2026-08-02T23:20:03.961328Z,716.882688800,13828.760,88.886,14.827562,700.792,624.805,75.988,5.736,-11.763,-87.917,164.689,1.899866,0.303107,9.065,0.1675380208,0,0,0,39084,33839
2026-08-02T11:23:11Z,NOAA 21 (JPSS-2),SWOT,2026-08-02T03:09:05Z,2026-08-02T03:32:40Z,8.235,2026-08-02T23:21:32.090463Z,718.351507717,2655.738,89.495,14.827862,834.674,898.693,64.019,65.927,1.974,-60.491,176.232,-14.466769,1.779279,172.988,0.1660628100,0,0,0,54234,54754
2026-08-02T11:23:11Z,TIMED,COSMOS 2251 DEB,2026-08-01T23:17:37Z,2026-08-02T01:30:58Z,12.093,2026-08-02T15:27:43.433642Z,244.540560700,1074.591,143.987,14.377643,585.136,747.467,162.332,116.564,25.544,-80.576,144.641,-1.493074,14.292539,95.964,0.1657934585,0,0,0,26998,33837
2026-08-02T11:23:11Z,NOAA 20 (JPSS-1),IRIDIUM 33 DEB,2026-08-02T04:04:29Z,2026-08-01T19:01:08Z,16.367,2026-08-02T17:58:22.739085Z,395.195651417,4815.271,129.808,14.682193,819.529,688.972,130.557,-129.699,-1.255,-5.148,158.203,13.599441,2.698995,11.225,0.1641320738,0,0,0,43013,33953
2026-08-02T11:23:11Z,TERRA,IRIDIUM 33 DEB,2026-08-02T04:14:41Z,2026-08-02T01:15:24Z,10.130,2026-08-02T21:37:32.289531Z,614.354825517,5865.707,42.609,6.007625,695.702,672.269,23.433,-30.562,-27.285,11.703,47.197,-0.201371,1.390922,98.238,0.1616838103,0,0,0,25994,34077
2026-08-02T11:23:11Z,AQUA,SENTINEL-3A,2026-08-02T04:23:24Z,2026-08-02T03:38:18Z,7.748,2026-08-02T14:12:07.303565Z,168.938392750,9939.440,122.664,11.042578,689.522,809.531,120.009,116.564,25.604,28.349,95.084,-3.826299,1.394868,159.971,0.1589236548,0,0,0,27424,41335
2026-08-02T11:23:11Z,LANDSAT 8,IRIDIUM 33 DEB,2026-08-02T04:06:10Z,2026-08-02T04:29:22Z,7.283,2026-08-02T16:02:38.351871Z,279.455864517,8720.146,122.744,12.034197,700.792,574.259,126.533,-122.372,-5.880,7.510,105.910,7.592091,2.814787,20.342,0.1580329448,0,0,0,39084,33960
2026-08-02T11:23:11Z,IRIDIUM 33 DEB,COSMOS 2251 DEB,2026-08-02T01:15:24Z,2026-08-02T01:26:18Z,10.130,2026-08-02T11:51:08.684072Z,27.961401200,12114.169,163.415,13.120420,672.269,709.520,37.251,73.850,-69.689,128.040,122.244,2.732836,0.089868,1.883,0.1574595773,0,0,0,34077,33838
2026-08-02T11:23:11Z,IRIDIUM 33 DEB,COSMOS 2251 DEB,2026-08-02T02:44:03Z,2026-08-02T02:54:32Z,8.652,2026-08-02T14:04:20.972867Z,161.166214450,8248.410,166.819,14.748520,593.804,1234.321,640.517,158.452,-12.275,50.704,153.355,-11.521964,2.306486,168.680,0.1570306109,0,0,0,34079,33917
2026-08-02T11:23:11Z,IRIDIUM 33 DEB,COSMOS 2251 DEB,2026-08-02T02:44:03Z,2026-08-02T01:02:16Z,10.348,2026-08-02T15:22:36.476838Z,239.424613967,5802.463,160.659,14.788096,593.804,802.550,208.745,128.450,-18.077,94.790,158.087,13.284726,1.815860,7.783,0.1534841939,0,0,0,34079,33766
2026-08-02T11:23:11Z,COSMOS 2251 DEB,COSMOS 2251 DEB,2026-08-02T02:48:08Z,2026-08-02T01:28:28Z,9.912,2026-08-02T12:42:56.686446Z,79.761440767,11351.355,158.451,12.841991,741.685,651.741,89.945,-112.671,-58.934,94.545,117.389,4.471655,0.687148,8.736,0.1531156510,0,0,0,33764,33779
2026-08-02T11:23:11Z,COSMOS 2251 DEB,COSMOS 2251 DEB,2026-08-02T04:22:54Z,2026-08-01T17:25:27Z,17.962,2026-08-02T17:48:45.657795Z,385.577629917,9292.664,137.241,14.164896,701.636,700.397,1.238,23.358,-45.128,-127.487,141.093,10.191407,1.528714,8.531,0.1511510228,0,0,0,33832,33915
2026-08-02T11:23:11Z,IRIDIUM 33 DEB,COSMOS 2251 DEB,2026-08-01T22:15:20Z,2026-08-02T05:13:36Z,13.131,2026-08-02T17:16:53.613943Z,353.710232383,6716.976,143.340,14.320931,787.795,1214.839,427.044,-50.492,41.609,127.536,144.914,11.448452,5.203407,24.442,0.1507364017,0,0,0,33866,33768
2026-08-02T11:23:11Z,IRIDIUM 33 DEB,COSMOS 2251 DEB,2026-08-02T02:44:03Z,2026-08-02T00:01:25Z,11.363,2026-08-02T16:49:17.654790Z,326.110913167,6658.778,145.530,14.131569,593.804,444.511,149.294,-79.936,43.336,-113.628,138.322,12.076439,2.495880,11.677,0.1502263954,0,0,0,34079,33765
2026-08-02T11:23:11Z,RESURS-DK 1,COSMOS 2251 DEB,2026-08-02T02:33:45Z,2026-08-02T04:22:54Z,8.824,2026-08-02T12:24:14.301697Z,61.055028283,7205.550,136.131,10.606983,527.305,701.636,174.331,135.942,-4.990,5.157,89.042,-7.197884,0.827459,173.442,0.1492276144,0,0,0,29228,33832
2026-08-02T11:23:11Z,TERRA,COSMOS 2251 DEB,2026-08-02T04:14:41Z,2026-08-02T02:54:32Z,8.477,2026-08-02T15:42:35.255894Z,259.404264900,4105.133,163.944,14.857069,695.702,1234.321,538.619,111.352,-21.007,118.478,160.767,-13.165293,4.470375,161.245,0.1485959051,0,0,0,25994,33917
2026-08-02T11:23:11Z,NOAA 21 (JPSS-2),IRIDIUM 33 DEB,2026-08-02T03:09:05Z,2026-08-02T03:26:46Z,8.235,2026-08-02T18:47:39.271969Z,444.471199483,5966.033,124.016,13.179594,834.674,736.214,98.460,-106.522,-30.095,-55.923,123.802,11.069280,4.624324,22.673,0.1469414957,0,0,0,54234,34071
2026-08-02T11:23:11Z,SWARM B,SWARM A,2026-08-02T03:40:23Z,2026-08-02T03:47:48Z,7.713,2026-08-02T11:55:35.527345Z,32.408789083,6494.696,119.136,8.846378,486.648,424.163,62.486,-63.965,82.551,57.335,70.695,5.032479,0.139088,1.583,0.1451659358,0,0,0,39451,39452
2026-08-02T11:23:11Z,SWOT,COSMOS 2251 DEB,2026-08-02T03:32:40Z,2026-08-02T04:54:36Z,7.842,2026-08-02T13:33:09.567086Z,129.976118100,12531.278,167.476,13.295721,898.693,692.729,205.964,-167.473,-0.116,-0.968,126.727,2.988667,1.044109,19.257,0.1444463758,0,0,0,54754,33913
2026-08-02T11:23:11Z,COSMOS 2251 DEB,COSMOS 2251 DEB,2026-08-01T21:39:49Z,2026-08-01T20:54:41Z,14.475,2026-08-02T14:30:37.830768Z,187.447179467,12574.253,170.642,13.750386,744.066,1217.783,473.717,169.550,10.817,-15.954,137.129,5.435435,0.975112,10.171,0.1401820594,0,0,0,33822,33914
2026-08-02T11:23:11Z,AQUA,IRIDIUM 33 DEB,2026-08-02T04:23:24Z,2026-08-02T04:21:49Z,7.023,2026-08-02T14:15:28.852466Z,172.297541100,10551.835,143.452,11.393454,689.522,545.821,143.702,-143.393,-2.863,-2.972,97.905,1.741652,1.708034,44.442,0.1398405510,0,0,0,27424,34088
2026-08-02T11:23:11Z,SWARM A,RESURS-DK 1,2026-08-02T03:47:48Z,2026-08-02T02:33:45Z,8.824,2026-08-02T22:23:26.483879Z,660.258064650,2154.690,116.993,14.961377,424.163,527.305,103.142,107.148,-9.036,46.098,157.272,-11.253359,9.799309,138.951,0.1384932060,0,0,0,39452,29228
2026-08-02T11:23:11Z,SENTINEL-1A,COSMOS 2251 DEB,2026-08-02T04:09:27Z,2026-08-02T04:18:35Z,7.229,2026-08-02T12:53:28.678390Z,90.294639833,9392.430,198.415,14.640427,692.198,763.442,71.244,197.662,0.377,17.275,155.903,10.868974,0.978545,5.145,0.1383199515,0,0,0,39634,33916
2026-08-02T11:23:11Z,HST,IRIDIUM 33 DEB,2026-08-02T03:55:59Z,2026-08-02T04:21:49Z,7.453,2026-08-02T21:50:00.607111Z,626.826785183,7991.777,104.766,12.711754,472.175,545.821,73.646,76.257,-39.437,-60.046,113.238,-9.026669,4.129695,155.416,0.1370359819,0,0,0,20580,34088
2026-08-02T11:23:11Z,COSMOS 2251 DEB,COSMOS 2251 DEB,2026-08-02T03:38:26Z,2026-08-01T17:25:27Z,17.962,2026-08-02T17:43:10.161969Z,379.986032817,12942.190,143.589,13.252804,1043.203,700.397,342.806,-69.096,-58.009,-111.707,124.341,-0.882496,2.001867,113.790,0.1358833187,0,0,0,33823,33915
2026-08-02T11:23:11Z,IRIDIUM 33 DEB,COSMOS 2251 DEB,2026-08-02T03:26:46Z,2026-08-02T03:37:01Z,7.940,2026-08-02T16:12:15.773091Z,289.079551517,4626.704,91.614,7.768877,736.214,768.484,32.270,25.447,-75.041,-45.982,62.657,5.967799,1.780677,16.614,0.1355537000,0,0,0,34071,33760
2026-08-02T11:23:11Z,IRIDIUM 33,COSMOS 2251 DEB,2026-08-02T00:43:50Z,2026-08-02T00:58:57Z,10.656,2026-08-02T21:58:38.647765Z,635.460796083,8159.100,104.910,12.536676,765.083,668.760,96.323,-79.293,-37.738,-57.399,114.083,8.952327,4.595642,27.174,0.1335299369,0,0,0,24946,33920
2026-08-02T11:23:11Z,LANDSAT 9,COSMOS 2251 DEB,2026-08-02T03:16:53Z,2026-08-01T22:58:31Z,12.411,2026-08-02T20:56:12.738426Z,573.028973767,10492.346,122.005,13.512230,708.942,607.510,101.432,-100.689,-30.404,-61.827,127.913,7.587288,2.775145,20.091,0.1333591110,0,0,0,49260,33836
2026-08-02T11:23:11Z,CRYOSAT 2,COSMOS 2251 DEB,2026-08-02T04:32:18Z,2026-08-02T00:51:41Z,10.525,2026-08-02T22:25:03.041615Z,661.867360250,13200.036,115.227,13.885662,713.573,627.749,85.824,-99.766,-22.187,53.214,135.268,-1.292476,2.299989,119.334,0.1302368401,0,0,0,36508,33911
2026-08-02T11:23:11Z,SENTINEL-5P,COSMOS 2251 DEB,2026-08-01T19:20:56Z,2026-08-02T01:26:18Z,16.037,2026-08-02T17:40:57.803498Z,377.780058300,9983.207,116.128,10.197325,828.862,709.520,119.342,-107.516,32.562,-29.425,86.069,0.574400,2.595925,77.523,0.1295482017,0,0,0,42969,33838
2026-08-02T11:23:11Z,SWARM A,COSMOS 2251 DEB,2026-08-02T03:47:48Z,2026-08-01T22:58:31Z,12.411,2026-08-02T12:47:18.193963Z,84.119899383,7799.754,188.877,12.943838,424.163,607.510,183.347,186.706,14.637,-24.515,116.875,9.661561,1.637499,9.619,0.1290547102,0,0,0,39452,33836
2026-08-02T11:23:11Z,IRIDIUM 33 DEB,COSMOS 2251 DEB,2026-08-02T04:29:22Z,2026-08-02T01:26:18Z,9.948,2026-08-02T12:47:27.406154Z,84.273435900,8496.620,173.291,11.839021,574.259,709.520,135.261,134.549,-66.747,86.437,103.467,7.549860,0.982239,7.413,0.1286406732,0,0,0,33960,33838
2026-08-02T11:23:11Z,CSS (TIANHE),RESURS-DK 1,2026-08-02T03:49:12Z,2026-08-02T02:33:45Z,8.824,2026-08-02T18:25:36.183030Z,422.419717167,3248.552,138.739,12.621010,392.568,527.305,134.736,138.711,1.473,2.335,111.432,-2.304797,12.893621,100.135,0.1285680719,0,0,0,48274,29228
2026-08-02T11:23:11Z,TIMED,IRIDIUM 33 DEB,2026-08-01T23:17:37Z,2026-08-02T02:25:43Z,12.093,2026-08-02T14:45:53.407980Z,202.706799667,5414.955,194.674,14.539408,585.136,780.658,195.523,194.391,2.694,10.133,151.203,-13.226586,2.294786,170.157,0.1283451424,0,0,0,26998,33776
2026-08-02T11:23:11Z,NOAA 20 (JPSS-1),COSMOS 2251 DEB,2026-08-02T04:04:29Z,2026-08-01T20:54:41Z,14.475,2026-08-02T19:37:14.656315Z,494.060938583,14169.931,152.158,14.701583,819.529,1217.783,398.254,76.136,-19.367,130.309,161.959,3.619060,1.117364,17.158,0.1269403984,0,0,0,43013,33914
2026-08-02T11:23:11Z,IRIDIUM 33 DEB,COSMOS 2251 DEB,2026-08-02T02:25:43Z,2026-08-02T02:54:32Z,8.958,2026-08-02T13:48:54.691287Z,145.728188117,6814.377,184.086,12.609437,780.658,1234.321,453.663,142.366,59.574,100.352,115.161,9.901762,4.242362,23.192,0.1231309319,0,0,0,33776,33917
2026-08-02T11:23:11Z,IRIDIUM 33,IRIDIUM 33 DEB,2026-08-02T00:43:50Z,2026-08-02T04:29:22Z,10.656,2026-08-02T16:08:30.695597Z,285.328259950,8050.616,194.408,14.554443,765.083,574.259,190.824,-194.226,1.819,-8.229,150.836,11.677848,2.405912,11.641,0.1200622489,0,0,0,24946,33960
2026-08-02T11:23:11Z,COSMOS 2251 DEB,COSMOS 2251 DEB,2026-08-02T03:23:58Z,2026-08-02T05:32:45Z,7.987,2026-08-02T11:49:41.017873Z,26.500297883,11224.451,198.196,11.922888,782.270,661.524,120.745,-163.234,-69.105,88.662,105.289,1.287876,0.343414,14.931,0.1180998857,0,0,0,33762,33830
2026-08-02T11:23:11Z,SWARM B,COSMOS 2251 DEB,2026-08-02T03:40:23Z,2026-08-02T00:51:41Z,10.525,2026-08-02T14:21:01.374539Z,177.839575650,8286.839,169.770,11.340486,486.648,627.749,141.100,139.627,-62.996,73.196,96.975,6.927078,2.326702,18.566,0.1170986114,0,0,0,39451,33911
2026-08-02T11:23:11Z,AQUA,IRIDIUM 33 DEB,2026-08-02T04:23:24Z,2026-08-02T02:44:03Z,8.652,2026-08-02T16:44:15.641822Z,321.077363700,8865.703,126.194,9.445148,689.522,593.804,95.718,-93.014,-67.091,52.650,77.782,2.235794,2.515862,48.373,0.1163159225,0,0,0,27424,34079
2026-08-02T11:23:11Z,LANDSAT 8,SENTINEL-5P,2026-08-02T04:06:10Z,2026-08-01T19:20:56Z,16.037,2026-08-02T21:04:13.080165Z,581.034669417,12451.126,136.279,13.273105,700.792,828.862,128.070,124.169,25.282,-50.148,125.258,3.961907,3.378561,40.456,0.1161946701,0,0,0,39084,42969
2026-08-02T11:23:11Z,IRIDIUM 33 DEB,COSMOS 2251 DEB,2026-08-02T02:44:03Z,2026-08-02T03:04:17Z,8.652,2026-08-02T13:33:15.011895Z,130.066864917,7973.083,184.483,11.694601,593.804,455.470,138.335,-161.864,-57.236,67.514,100.720,7.775601,2.040548,14.705,0.1153305889,0,0,0,34079,33821
2026-08-02T11:23:11Z,CYGFM05,RESURS-DK 1,2026-08-01T16:24:48Z,2026-08-02T02:33:45Z,18.973,2026-08-02T12:42:58.110600Z,79.785176667,6822.570,155.852,9.377614,387.049,527.305,140.255,135.687,59.715,-48.096,75.735,5.500656,1.449327,14.761,0.1136720697,0,0,0,41884,29228
2026-08-02T11:23:11Z,SWOT,COSMOS 2251 DEB,2026-08-02T03:32:40Z,2026-08-02T01:26:18Z,9.948,2026-08-02T14:20:49.061698Z,177.634361633,10873.802,175.246,11.142212,898.693,709.520,189.173,-172.900,19.686,20.716,96.744,0.381598,1.819314,78.154,0.1114745557,0,0,0,54754,33838
2026-08-02T11:23:11Z,LANDSAT 9,COSMOS 2251 DEB,2026-08-02T03:16:53Z,2026-08-02T02:54:32Z,8.477,2026-08-02T19:39:09.044759Z,495.967412650,10815.783,189.546,14.933526,708.942,1234.321,525.379,162.710,-4.898,97.103,171.199,9.915143,1.188008,6.832,0.1033004091,0,0,0,49260,33917
2026-08-02T11:23:11Z,NOAA 21 (JPSS-2),COSMOS 2251 DEB,2026-08-02T03:09:05Z,2026-08-01T21:39:12Z,13.733,2026-08-02T17:53:33.152460Z,390.369207667,7633.160,198.710,13.955131,834.674,681.647,153.027,-148.341,-47.026,-123.570,138.516,11.150864,3.788889,18.767,0.1023805040,0,0,0,54234,33835
2026-08-02T11:23:11Z,TIMED,COSMOS 2251 DEB,2026-08-01T23:17:37Z,2026-08-01T21:39:12Z,13.733,2026-08-02T19:38:32.001141Z,495.350019017,6719.037,168.715,12.953847,585.136,681.647,96.511,84.787,-74.169,-125.598,118.444,-10.436092,4.322491,157.501,0.1007355978,0,0,0,26998,33835
2026-08-02T11:23:11Z,SENTINEL-3A,COSMOS 2251 DEB,2026-08-02T03:38:18Z,2026-08-02T04:39:15Z,7.748,2026-08-02T23:18:19.388671Z,715.139811183,12626.640,149.793,14.737538,809.531,624.805,184.727,-100.331,-17.516,-109.839,162.390,-6.496068,1.589158,166.253,0.0990504828,0,0,0,41335,33839
2026-08-02T11:23:11Z,TERRA,COSMOS 2251 DEB,2026-08-02T04:14:41Z,2026-08-02T01:26:18Z,9.948,2026-08-02T23:22:22.412017Z,719.190200283,14052.039,150.715,14.883864,695.702,709.520,13.818,38.638,15.691,-144.831,167.448,1.233095,0.521955,22.942,0.0988660786,0,0,0,25994,33838
2026-08-02T11:23:11Z,COSMOS 2251 DEB,COSMOS 2251 DEB,2026-08-02T01:26:18Z,2026-08-01T20:54:41Z,14.475,2026-08-02T14:21:07.308912Z,177.938481867,9797.180,173.271,9.464934,709.520,1217.783,508.263,167.037,37.522,-26.717,78.484,-0.437925,3.075094,98.105,0.0957500553,0,0,0,33838,33914
2026-08-02T11:23:11Z,IRIDIUM 33 DEB,COSMOS 2251 DEB,2026-08-02T04:38:23Z,2026-08-02T04:22:18Z,7.015,2026-08-02T23:05:26.073937Z,702.251232283,5203.731,135.278,12.440852,704.140,749.594,45.454,48.452,69.955,-105.161,112.298,-10.590403,4.327334,157.775,0.0942317742,0,0,0,33777,33761
2026-08-02T11:23:11Z,TIMED,IRIDIUM 33 DEB,2026-08-01T23:17:37Z,2026-08-01T23:04:21Z,12.314,2026-08-02T23:05:39.465105Z,702.474418417,13143.814,155.850,14.235138,585.136,674.638,89.502,92.833,40.598,-118.420,141.769,-2.670452,2.295485,139.318,0.0935616933,0,0,0,26998,34521
2026-08-02T11:23:11Z,COSMOS 2251 DEB,COSMOS 2251 DEB,2026-08-02T03:37:01Z,2026-08-02T00:51:41Z,10.525,2026-08-02T21:52:16.878306Z,629.097971767,10133.557,170.927,13.858716,768.484,627.749,140.735,-151.424,30.537,-73.173,135.110,8.899791,4.319395,25.889,0.0913160267,0,0,0,33760,33911
2026-08-02T11:23:11Z,COSMOS 2251 DEB,COSMOS 2251 DEB,2026-08-01T23:03:53Z,2026-08-01T17:25:27Z,17.962,2026-08-02T23:00:14.966708Z,697.066111800,5049.400,163.879,14.400336,798.130,700.397,97.733,-120.618,-31.277,-106.438,148.219,13.368426,0.821721,3.517,0.0906709692,0,0,0,33819,33915
2026-08-02T11:23:11Z,IRIDIUM 33 DEB,COSMOS 2251 DEB,2026-08-02T04:21:49Z,2026-08-02T03:04:17Z,8.315,2026-08-02T17:28:31.673109Z,365.344551817,7267.901,163.839,9.896542,545.821,455.470,90.351,-92.166,103.862,86.956,81.049,6.063177,3.969194,33.210,0.0901578619,0,0,0,34088,33821
2026-08-02T11:23:11Z,NOAA 21 (JPSS-2),COSMOS 2251 DEB,2026-08-02T03:09:05Z,2026-08-02T03:37:01Z,8.235,2026-08-02T12:07:51.297249Z,44.671620817,2759.501,174.154,8.099517,834.674,768.484,66.190,-41.337,142.499,91.186,65.860,7.582749,0.175165,1.323,0.0901299547,0,0,0,54234,33760
2026-08-02T11:23:11Z,IRIDIUM 33 DEB,COSMOS 2251 DEB,2026-08-01T22:15:20Z,2026-08-02T00:51:41Z,13.131,2026-08-02T20:03:26.959427Z,520.265990450,10525.383,128.670,8.756443,787.795,627.749,160.046,-95.953,70.099,49.348,71.066,-0.179647,6.929508,91.485,0.0869318759,0,0,0,33866,33911
2026-08-02T11:23:11Z,SENTINEL-2A,COSMOS 2251 DEB,2026-08-02T03:48:37Z,2026-08-02T04:39:15Z,7.576,2026-08-02T23:21:59.975678Z,718.816261300,13925.693,171.505,14.838467,792.635,624.805,167.830,-76.015,-15.448,-152.961,168.581,-2.402438,0.911251,159.228,0.0866613806,0,0,0,40697,33839
2026-08-02T11:23:11Z,LANDSAT 9,COSMOS 2251 DEB,2026-08-02T03:16:53Z,2026-08-02T03:23:58Z,8.105,2026-08-02T11:47:26.186858Z,24.253114300,5568.236,134.334,5.854778,708.942,782.270,73.327,87.778,-92.619,41.980,46.072,-0.244489,0.072836,163.411,0.0856994094,0,0,0,49260,33762
2026-08-02T11:23:11Z,AQUA,IRIDIUM 33 DEB,2026-08-02T04:23:24Z,2026-08-02T05:27:18Z,6.996,2026-08-02T23:16:58.578982Z,713.792983033,10975.730,140.541,11.863252,689.522,759.304,69.781,70.606,73.408,-96.839,105.020,-3.950793,2.961784,143.142,0.0851389338,0,0,0,27424,33850
2026-08-02T11:23:11Z,LEGION 3,IRIDIUM 33 DEB,2026-08-02T04:44:19Z,2026-08-02T04:38:23Z,6.746,2026-08-02T20:24:17.745250Z,541.112420833,7621.641,199.198,13.448985,507.685,704.140,196.454,179.881,38.305,-76.521,125.877,-9.704426,7.643081,141.776,0.0842902736,0,0,0,60452,33777
2026-08-02T11:23:11Z,COSMOS 2251 DEB,COSMOS 2251 DEB,2026-08-02T04:22:18Z,2026-08-01T17:25:27Z,17.962,2026-08-02T22:23:37.938137Z,660.448968950,7618.758,176.393,13.719504,749.594,700.397,49.197,70.466,61.437,-149.581,134.577,-11.231891,1.518124,172.302,0.0842111467,0,0,0,33761,33915
2026-08-02T11:23:11Z,SENTINEL-1A,SWOT,2026-08-02T04:09:27Z,2026-08-02T03:32:40Z,7.842,2026-08-02T19:25:31.383203Z,482.339720050,12524.458,198.410,12.356788,692.198,898.693,206.495,198.409,-0.308,-0.382,111.883,2.534171,4.948528,62.883,0.0828363311,0,0,0,39634,54754
2026-08-02T11:23:11Z,COSMOS 2251 DEB,COSMOS 2251 DEB,2026-08-02T04:22:54Z,2026-08-01T21:39:12Z,13.733,2026-08-02T22:03:46.751913Z,640.595865217,823.279,161.825,11.818828,701.636,681.647,19.989,17.584,-99.210,126.631,103.589,-10.443779,5.418583,152.578,0.0810890802,0,0,0,33832,33835
2026-08-02T11:23:11Z,TERRA,COSMOS 2251 DEB,2026-08-02T04:14:41Z,2026-08-02T03:38:26Z,7.746,2026-08-02T22:16:43.841454Z,653.547357567,2488.183,199.394,14.751347,695.702,1043.203,347.501,164.587,-20.134,110.740,160.717,8.545073,11.831678,54.162,0.0808091868,0,0,0,25994,33823
2026-08-02T11:23:11Z,IRIDIUM 33 DEB,COSMOS 2251 DEB,2026-08-02T04:29:22Z,2026-08-02T00:58:57Z,10.404,2026-08-02T12:57:44.359138Z,94.555985633,1211.047,114.274,4.842373,574.259,668.760,94.501,98.857,-53.904,-19.500,37.422,3.222071,3.641262,48.495,0.0791850777,0,0,0,33960,33920
2026-08-02T11:23:11Z,SENTINEL-1A,SENTINEL-5P,2026-08-02T04:09:27Z,2026-08-01T19:20:56Z,16.037,2026-08-02T18:35:03.980300Z,431.883005000,8233.027,143.266,7.930059,692.198,828.862,136.664,131.141,-48.176,-31.723,64.235,2.568536,4.906700,62.369,0.0775017592,0,0,0,39634,42969
2026-08-02T11:23:11Z,NOAA 15,COSMOS 2251 DEB,2026-08-02T04:15:47Z,2026-08-02T05:32:45Z,7.123,2026-08-02T21:26:41.896421Z,603.514940350,8086.942,178.582,11.795402,797.489,661.524,135.965,-164.408,-43.368,54.597,103.885,-7.190498,9.160287,128.131,0.0767362417,0,0,0,25338,33830
2026-08-02T11:23:11Z,NOAA 15,IRIDIUM 33 DEB,2026-08-02T04:15:47Z,2026-08-02T04:38:23Z,7.123,2026-08-02T23:14:08.150456Z,710.952507600,7305.053,102.282,7.519046,797.489,704.140,93.350,-102.280,-0.421,-0.320,60.356,-3.834203,7.128673,118.274,0.0744369304,0,0,0,25338,33777
2026-08-02T11:23:11Z,SENTINEL-5P,COSMOS 2251 DEB,2026-08-01T19:20:56Z,2026-08-02T04:54:36Z,16.037,2026-08-02T21:52:01.146910Z,628.835781833,8286.212,107.586,6.946834,828.862,692.729,136.133,-97.896,39.647,20.474,55.576,0.233573,5.355701,87.503,0.0727456778,0,0,0,42969,33913
2026-08-02T11:23:11Z,SENTINEL-5P,COSMOS 2251 DEB,2026-08-01T19:20:56Z,2026-08-02T02:48:08Z,16.037,2026-08-02T22:07:46.655528Z,644.594258800,5395.992,97.790,6.417245,828.862,741.685,87.177,-55.162,-73.224,34.034,51.118,3.651382,5.356634,55.719,0.0724955151,0,0,0,42969,33764
2026-08-02T11:23:11Z,AQUA,COSMOS 2251 DEB,2026-08-02T04:23:24Z,2026-08-01T23:03:53Z,12.321,2026-08-02T15:44:03.624009Z,260.877066817,4154.809,132.364,5.555332,689.522,798.130,108.608,123.258,44.683,-18.194,43.624,-3.568371,2.774170,142.137,0.0687332325,0,0,0,27424,33819
2026-08-02T11:23:11Z,CSS (TIANHE),HST,2026-08-02T03:49:12Z,2026-08-02T03:55:59Z,7.566,2026-08-02T15:10:25.817836Z,227.246963933,2596.201,147.399,5.962808,392.568,472.175,79.607,78.234,114.009,51.068,45.813,3.959138,4.404272,48.047,0.0681388891,0,0,0,48274,20580
2026-08-02T11:23:11Z,SENTINEL-1A,IRIDIUM 33 DEB,2026-08-02T04:09:27Z,2026-08-02T04:29:22Z,7.229,2026-08-02T15:12:10.098136Z,228.984968933,4933.676,140.398,5.669278,692.198,574.259,117.938,-112.595,-78.567,-29.348,44.272,2.755744,3.099962,48.364,0.0679179245,0,0,0,39634,33960
2026-08-02T11:23:11Z,SENTINEL-1A,SENTINEL-2A,2026-08-02T04:09:27Z,2026-08-02T03:48:37Z,7.576,2026-08-02T19:21:19.531854Z,478.142197567,8214.012,167.289,8.214226,692.198,792.635,100.437,92.158,-115.595,-78.295,66.547,2.055607,3.671273,60.755,0.0655961762,0,0,0,39634,40697
2026-08-02T11:23:11Z,IRIDIUM 33 DEB,IRIDIUM 33 DEB,2026-08-02T01:15:24Z,2026-08-02T02:44:03Z,10.130,2026-08-02T20:44:02.375567Z,560.856259450,6454.646,114.186,5.950127,672.269,593.804,78.464,-72.457,81.732,-33.291,46.470,0.232025,3.606251,86.319,0.0636270220,0,0,0,34077,34079
2026-08-02T11:23:11Z,COSMOS 2251 DEB,COSMOS 2251 DEB,2026-08-02T01:02:16Z,2026-08-02T05:32:45Z,10.348,2026-08-02T16:33:29.205886Z,310.303431433,6477.355,183.406,7.301532,802.550,661.524,141.026,-144.613,-100.059,-52.086,58.321,-3.969034,4.673714,130.339,0.0624641475,0,0,0,33766,33830
2026-08-02T11:23:11Z,COSMOS 2251 DEB,COSMOS 2251 DEB,2026-08-02T01:28:28Z,2026-08-01T23:03:53Z,12.321,2026-08-02T18:20:34.707676Z,417.395127933,8824.209,195.700,8.413568,651.741,798.130,146.389,82.672,-146.079,100.621,68.176,-1.795971,4.567955,111.463,0.0610612327,0,0,0,33779,33819
2026-08-02T11:23:11Z,SENTINEL-2A,SWOT,2026-08-02T03:48:37Z,2026-08-02T03:32:40Z,7.842,2026-08-02T16:05:32.171027Z,282.352850450,6432.948,170.676,6.073968,792.635,898.693,106.058,103.720,122.360,58.312,48.214,0.750695,2.709120,74.512,0.0572195131,0,0,0,40697,54754
2026-08-02T11:23:11Z,NOAA 20 (JPSS-1),COSMOS 2251 DEB,2026-08-02T04:04:29Z,2026-08-02T04:22:18Z,7.311,2026-08-02T18:14:19.950344Z,411.149172400,3692.156,120.591,4.555899,819.529,749.594,69.935,-82.083,-84.730,-25.008,35.536,-2.469154,4.417355,119.204,0.0539856059,0,0,0,43013,33761
2026-08-02T11:23:11Z,IRIDIUM 33 DEB,COSMOS 2251 DEB,2026-08-02T03:26:46Z,2026-08-02T05:26:11Z,7.940,2026-08-02T16:27:03.732588Z,303.878876467,2435.255,79.725,2.687073,736.214,630.724,105.491,-67.933,41.052,-7.482,20.652,-1.377376,2.976567,114.832,0.0531834475,0,0,0,34071,33825
2026-08-02T11:23:11Z,TERRA,AQUA,2026-08-02T04:14:41Z,2026-08-02T04:23:24Z,7.141,2026-08-02T23:14:48.816909Z,711.630281817,8597.223,177.910,9.284581,695.702,689.522,6.180,-6.992,-139.682,-109.964,76.527,-1.814745,0.390573,167.854,0.0527935555,0,0,0,25994,27424
2026-08-02T11:23:11Z,AURA,COSMOS 2251 DEB,2026-08-02T03:14:06Z,2026-08-01T22:58:31Z,12.411,2026-08-02T23:05:43.272751Z,702.537879183,5511.586,72.333,3.689884,693.583,607.510,86.073,-70.500,-15.875,3.130,28.354,-1.011632,5.148422,101.117,0.0522498496,0,0,0,28376,33836
2026-08-02T11:23:11Z,IRIDIUM 33 DEB,IRIDIUM 33 DEB,2026-08-02T02:44:03Z,2026-08-01T23:04:21Z,12.314,2026-08-02T18:18:46.057899Z,415.584298317,4296.018,94.965,3.346234,593.804,674.638,80.833,80.013,-49.414,13.213,25.688,0.129875,3.201500,87.677,0.0501342493,0,0,0,34079,34521
2026-08-02T11:23:11Z,SWOT,COSMOS 2251 DEB,2026-08-02T03:32:40Z,2026-08-01T20:54:41Z,14.475,2026-08-02T14:19:38.353709Z,176.455895150,2568.253,86.043,2.386430,898.693,1217.783,319.090,-23.893,-82.259,-8.123,18.324,-0.874018,1.025055,130.453,0.0486733379,0,0,0,54754,33914
2026-08-02T11:23:11Z,NOAA 21 (JPSS-2),COSMOS 2251 DEB,2026-08-02T03:09:05Z,2026-08-02T03:38:26Z,8.235,2026-08-02T22:54:38.301268Z,691.455021133,7739.816,158.409,7.183579,834.674,1043.203,208.529,-7.959,-139.024,-75.514,57.645,0.475484,3.529568,82.328,0.0471461136,0,0,0,54234,33823
2026-08-02T11:23:11Z,SENTINEL-3A,IRIDIUM 33 DEB,2026-08-02T03:38:18Z,2026-08-02T01:15:24Z,10.130,2026-08-02T15:56:53.812637Z,273.713543950,5001.870,133.093,3.843723,809.531,672.269,137.263,-131.741,18.498,3.971,29.746,-0.149216,3.547874,92.408,0.0467811677,0,0,0,41335,34077
2026-08-02T11:23:11Z,NOAA 15,CRYOSAT 2,2026-08-02T04:15:47Z,2026-08-02T04:32:18Z,7.123,2026-08-02T21:31:49.343332Z,608.639055533,5290.529,172.579,6.845798,797.489,713.573,83.917,-87.549,-133.455,-65.636,54.496,-3.720811,6.474009,119.887,0.0458030583,0,0,0,25338,36508
2026-08-02T11:23:11Z,COSMOS 2251 DEB,COSMOS 2251 DEB,2026-08-02T04:22:18Z,2026-08-01T21:39:49Z,13.723,2026-08-02T12:11:44.467075Z,48.557784583,459.621,197.520,4.613700,749.594,744.066,5.528,191.929,-42.297,-19.708,36.290,4.227297,1.950806,24.772,0.0451410115,0,0,0,33761,33822
2026-08-02T11:23:11Z,COSMOS 2251 DEB,COSMOS 2251 DEB,2026-08-02T03:21:18Z,2026-08-02T05:26:11Z,8.031,2026-08-02T17:53:57.371063Z,390.772851050,4855.414,154.820,4.334384,789.713,630.724,158.989,-153.007,-23.247,4.200,33.577,1.027193,6.296328,80.734,0.0407978022,0,0,0,33757,33825
2026-08-02T11:23:11Z,TERRA,IRIDIUM 33 DEB,2026-08-02T04:14:41Z,2026-08-02T05:27:18Z,7.141,2026-08-02T20:01:24.556860Z,518.225947667,4672.335,121.770,3.830684,695.702,759.304,63.602,66.815,97.652,-28.770,29.681,-0.621561,3.115316,101.283,0.0402744422,0,0,0,25994,33850
2026-08-02T11:23:11Z,IRIDIUM 33 DEB,IRIDIUM 33 DEB,2026-08-02T04:41:21Z,2026-08-01T22:15:20Z,13.131,2026-08-02T21:40:05.676637Z,616.911277283,5079.329,163.273,5.650707,749.329,787.795,38.466,-1.269,151.508,60.842,44.210,-2.979062,3.635002,129.336,0.0395641986,0,0,0,33775,33866
2026-08-02T11:23:11Z,IRIDIUM 33 DEB,COSMOS 2251 DEB,2026-08-01T19:06:50Z,2026-08-02T05:26:11Z,16.272,2026-08-02T16:11:57.732162Z,288.778869367,2978.200,169.340,3.973035,763.191,630.724,132.468,-143.123,88.334,19.721,30.663,1.847505,3.949762,64.932,0.0375135735,0,0,0,33773,33825
2026-08-02T11:23:11Z,IRIDIUM 33 DEB,COSMOS 2251 DEB,2026-08-02T03:26:46Z,2026-08-02T03:21:18Z,8.031,2026-08-02T21:04:42.629199Z,581.527153317,4027.585,97.753,2.836559,736.214,789.713,53.499,40.669,86.943,18.511,21.884,0.622588,3.474060,79.840,0.0345983352,0,0,0,34071,33757
2026-08-02T11:23:11Z,TERRA,SENTINEL-3A,2026-08-02T04:14:41Z,2026-08-02T03:38:18Z,7.748,2026-08-02T14:09:20.602278Z,166.160037967,2692.021,127.321,2.448925,695.702,809.531,113.829,114.683,53.760,12.972,18.823,-1.047118,2.005478,117.570,0.0340297951,0,0,0,25994,41335
2026-08-02T11:23:11Z,COSMOS 2251 DEB,COSMOS 2251 DEB,2026-08-02T01:28:28Z,2026-08-02T04:39:15Z,9.912,2026-08-02T22:22:48.622294Z,659.627038233,5288.212,166.374,5.163456,651.741,624.805,26.936,37.339,151.467,57.825,40.035,-0.537586,2.484904,102.207,0.0336376209,0,0,0,33779,33839
2026-08-02T11:23:11Z,TERRA,IRIDIUM 33 DEB,2026-08-02T04:14:41Z,2026-08-02T04:21:49Z,7.141,2026-08-02T15:57:00.310151Z,273.821835850,4501.162,145.293,3.007772,695.702,545.821,149.881,-145.292,-0.666,-0.055,22.960,0.538802,4.164408,82.628,0.0335298874,0,0,0,25994,34088
2026-08-02T11:23:11Z,NOAA 15,COSMOS 2251 DEB,2026-08-02T04:15:47Z,2026-08-02T05:13:36Z,7.123,2026-08-02T20:29:17.949608Z,546.115826800,11250.935,183.509,4.954074,797.489,1214.839,417.350,171.607,-63.139,-15.489,38.974,-0.235467,10.227773,91.319,0.0335162180,0,0,0,25338,33768
2026-08-02T11:23:11Z,IRIDIUM 33 DEB,COSMOS 2251 DEB,2026-08-02T04:29:22Z,2026-08-01T23:03:53Z,12.321,2026-08-02T19:59:13.853577Z,516.047559617,9488.588,169.163,4.209456,574.259,798.130,223.871,156.660,-60.882,-19.161,32.497,-0.351890,9.241673,92.181,0.0319328125,0,0,0,33960,33819
2026-08-02T11:23:11Z,TIMED,COSMOS 2251 DEB,2026-08-01T23:17:37Z,2026-08-02T04:25:23Z,12.093,2026-08-02T16:32:09.963763Z,308.982729383,4802.030,196.380,3.867908,585.136,721.930,136.795,139.661,-131.100,-43.271,29.788,-1.459302,4.182324,109.235,0.0309397154,0,0,0,26998,33912
2026-08-02T11:23:11Z,COSMOS 2251 DEB,COSMOS 2251 DEB,2026-08-02T02:48:08Z,2026-08-02T00:58:57Z,10.404,2026-08-02T15:20:51.153832Z,237.669230533,1848.606,88.256,1.519582,741.685,668.760,72.925,-81.396,34.083,-1.472,11.669,0.480043,2.018955,76.625,0.0287522753,0,0,0,33764,33920
2026-08-02T11:23:11Z,NOAA 20 (JPSS-1),COSMOS 2251 DEB,2026-08-02T04:04:29Z,2026-08-02T05:32:45Z,7.311,2026-08-02T22:52:42.344428Z,689.522407133,10895.003,174.568,4.239510,819.529,661.524,158.005,-169.157,-41.866,10.357,32.927,0.425828,11.900321,87.951,0.0253137275,0,0,0,43013,33830
2026-08-02T11:23:11Z,IRIDIUM 33,IRIDIUM 33 DEB,2026-08-02T00:43:50Z,2026-08-01T19:01:08Z,16.367,2026-08-02T19:33:20.062643Z,490.151044050,3574.449,129.890,2.333539,765.083,688.972,76.111,-79.641,-102.129,9.915,17.892,0.509343,4.106885,82.930,0.0237007257,0,0,0,24946,33953
2026-08-02T11:23:11Z,TIMED,COSMOS 2251 DEB,2026-08-01T23:17:37Z,2026-08-02T04:22:54Z,12.093,2026-08-02T22:09:48.628202Z,646.627136700,6204.999,104.208,2.147712,585.136,701.636,116.500,83.720,-60.820,12.298,16.344,-0.508720,6.561088,94.434,0.0227100929,0,0,0,26998,33832
2026-08-02T11:23:11Z,COSMOS 2251 DEB,COSMOS 2251 DEB,2026-08-02T03:38:26Z,2026-08-02T04:22:54Z,7.746,2026-08-02T21:18:52.197762Z,595.686629367,10474.552,198.566,2.908927,1043.203,701.636,341.567,-189.473,-57.358,15.450,22.523,-0.019921,10.843641,90.105,0.0171790374,0,0,0,33823,33832
2026-08-02T11:23:11Z,IRIDIUM 33 DEB,IRIDIUM 33 DEB,2026-08-02T05:27:18Z,2026-08-02T01:15:24Z,10.130,2026-08-02T19:55:14.042511Z,512.050708517,4608.310,192.142,2.417701,759.304,672.269,87.035,-98.247,-164.320,16.282,18.543,-0.615903,4.470611,97.844,0.0162170489,0,0,0,33850,34077
2026-08-02T11:23:11Z,TERRA,IRIDIUM 33 DEB,2026-08-02T04:14:41Z,2026-08-02T02:44:03Z,8.652,2026-08-02T19:31:44.341767Z,488.555696117,4404.835,133.297,1.524177,695.702,593.804,101.897,-98.049,-90.302,-0.031,11.579,-0.144289,4.960160,91.666,0.0151100555,0,0,0,25994,34079
2026-08-02T11:23:11Z,IRIDIUM 33 DEB,IRIDIUM 33 DEB,2026-08-02T04:21:49Z,2026-08-01T23:04:21Z,12.314,2026-08-02T14:13:32.478803Z,170.357980050,2240.503,132.900,0.727205,545.821,674.638,128.817,130.301,24.560,8.991,5.485,-0.186456,2.305683,94.623,0.0096489690,0,0,0,34088,34521
2026-08-02T11:23:11Z,LANDSAT 8,SENTINEL-2A,2026-08-02T04:06:10Z,2026-08-02T03:48:37Z,7.576,2026-08-02T20:08:18.829588Z,525.130493133,4133.037,160.108,0.612190,700.792,792.635,91.843,85.208,-130.861,35.348,4.573,-0.121894,4.299843,91.624,0.0048584749,0,0,0,39084,40697
2026-08-02T11:23:11Z,IRIDIUM 33 DEB,IRIDIUM 33 DEB,2026-08-02T05:27:18Z,2026-08-01T23:04:21Z,12.314,2026-08-02T22:26:02.378472Z,662.856307867,4775.911,87.193,0.299891,759.304,674.638,84.666,-68.545,-51.031,-17.319,2.242,-0.134446,5.032938,91.530,0.0037123821,0,0,0,33850,34521
2026-08-02T11:23:11Z,IRIDIUM 33 DEB,IRIDIUM 33 DEB,2026-08-02T03:58:35Z,2026-08-02T04:21:49Z,7.410,2026-08-02T21:21:02.020110Z,597.850335167,6325.580,117.664,0.216318,661.507,545.821,115.686,-106.370,39.260,-31.448,1.582,-0.167824,6.851216,91.403,0.0021503324,0,0,0,33860,34088
