NOAA 15
1 25338U 98030A   26200.57640829  .00000022  00000+0  26365-4 0  9991
2 25338  98.5064 220.3334 0009072 250.1746 109.8457 14.27155100465910
NOAA 20 (JPSS-1)
1 43013U 17073A   26200.56597847  .00000025  00000+0  32631-4 0  9995
2 43013  98.7772 139.7419 0001540 119.8594 240.2736 14.19516967449060
NOAA 21 (JPSS-2)
1 54234U 22150A   26200.59820558  .00000009  00000+0  24999-4 0  9995
2 54234  98.7059 138.8431 0002911  96.7517 263.3991 14.19541471191140
TERRA
1 25994U 99068A   26200.63204532  .00000143  00000+0  38001-4 0  9999
2 25994  97.9438 248.8889 0003567 114.1639  37.2751 14.61125566414342
AQUA
1 27424U 02022A   26200.62659245  .00000315  00000+0  72466-4 0  9991
2 27424  98.4299 170.5623 0001279 101.7999 313.2906 14.62131948288013
AURA
1 28376U 04026A   26200.57795845  .00000330  00000+0  76574-4 0  9996
2 28376  98.3432 157.3035 0001386  94.0051 266.1308 14.61371238170941
LANDSAT 8
1 39084U 13008A   26200.57428504  .00000132  00000+0  39388-4 0  9991
2 39084  98.2287 270.3224 0001348  91.7153 268.4200 14.57095918702611
LANDSAT 9
1 49260U 21088A   26200.60874920  .00000134  00000+0  39874-4 0  9998
2 49260  98.2266 270.3912 0001097  91.3345 268.7979 14.57097252255723
SENTINEL-1A
1 39634U 14016A   26200.59609115 -.00000051  00000+0 -11415-5 0  9997
2 39634  98.1732 207.6547 0001456  82.5369 277.5996 14.59173468654746
SENTINEL-2A
1 40697U 15028A   26200.59232730  .00000424  00000+0  17838-3 0  9992
2 40697  98.5671 274.9824 0001304  95.5040 264.6291 14.30816679578365
SENTINEL-3A
1 41335U 16011A   26200.61654826  .00000033  00000+0  31749-4 0  9996
2 41335  98.6234 267.5318 0001316  89.1983 270.9348 14.26740530542681
SENTINEL-5P
1 42969U 17064A   26200.55489651  .00000002  00000+0  22197-4 0  9997
2 42969  98.7929 142.4573 0001174  93.7768 266.3542 14.19523671454151
ISS (ZARYA)
1 25544U 98067A   26200.25015283  .00004118  00000+0  82726-4 0  9998
2 25544  51.6315 141.4207 0006817 313.5383  46.5039 15.49048208576725
CSS (TIANHE)
1 48274U 21035A   26200.50932682  .00010866  00000+0  14394-3 0  9995
2 48274  41.4683 125.6834 0001983 305.8498  54.2155 15.58197952298216
HST
1 20580U 90037B   26200.34608724  .00002982  00000+0  89068-4 0  9993
2 20580  28.4721 220.7198 0002147 143.8470 216.2271 15.31084694793507
CYGFM05
1 41884U 16078A   26200.61517674  .00015193  00000+0  19637-3 0  9991
2 41884  34.9571  45.6272 0005325  85.4762 274.6571 15.57992083533810
CYGFM04
1 41885U 16078B   26200.60829227  .00020596  00000+0  21693-3 0  9999
2 41885  34.9330  11.6638 0004232 137.2153 222.8903 15.63266243534071
CYGFM02
1 41886U 16078C   26200.54357711  .00025171  00000+0  23194-3 0  9999
2 41886  34.9411   5.6335 0004964 137.7931 222.3179 15.66583806534249
LEGION 3
1 60452U 24146A   26200.42291913  .00001130  00000+0  72053-4 0  9990
2 60452  45.0014 217.7272 0007791 357.1385   2.9448 15.15668412106910
JASON-3
1 41240U 16002A   26200.62411223 -.00000059  00000+0  13016-4 0  9990
2 41240  66.0416  57.6405 0008138 270.5355  89.4731 12.87628837491424
SENTINEL-6A
1 46984U 20086A   26200.33084347 -.00000060  00000+0  59844-5 0  9990
2 46984  66.0411  68.2905 0007785 269.7420  90.2703 12.80930215264440
SWOT
1 54754U 22173A   26200.57137041 -.00000018  00000+0 -10688-4 0  9995
2 54754  77.6115 351.5902 0000229  67.3100 292.8076 14.00172530183682
SWARM B
1 39451U 13067A   26200.60340539  .00001860  00000+0  65337-4 0  9991
2 39451  87.7465 332.4699 0002213  86.8386 273.3117 15.28733536688193
SWARM A
1 39452U 13067B   26200.60353195  .00005792  00000+0  97281-4 0  9995
2 39452  87.3300  44.1856 0003334  92.1285 268.0358 15.51509798711274
TIMED
1 26998U 01055B   26200.32261982  .00000537  00000+0  52287-4 0  9990
2 26998  74.0669 170.3110 0002333 296.0865  64.0080 14.95349394335626
CRYOSAT 2
1 36508U 10013A   26200.61183674  .00000064  00000+0  15175-4 0  9995
2 36508  92.0356 285.1842 0002453  98.9250 261.2235 14.51899231862781
RESURS-DK 1
1 29228U 06021A   26200.49073612  .00000870  00000+0  54840-4 0  9993
2 29228  69.9302 255.9238 0007370 266.3821  93.6502 15.13327584107465
IRIDIUM 33
1 24946U 97051C   26200.64369693  .00000127  00000+0  37460-4 0  9996
2 24946  86.3900 336.3324 0006745 205.3732 154.7134 14.35160070509748
IRIDIUM 33 DEB
1 33773U 97051L   26200.62744654  .00000396  00000+0  11069-3 0  9990
2 33773  86.4037 327.8159 0012618 141.2911 218.9197 14.43695219915056
IRIDIUM 33 DEB
1 33775U 97051N   26200.59567951  .00000648  00000+0  19084-3 0  9996
2 33775  86.3650 316.0847 0014375 151.9103 229.0269 14.42097392912940
IRIDIUM 33 DEB
1 33776U 97051P   26200.44781891  .00000385  00000+0  11922-3 0  9993
2 33776  86.4062 348.8930 0014039 191.1471 237.4084 14.38574470912261
IRIDIUM 33 DEB
1 33777U 97051Q   26200.32120503  .00001755  00000+0  38542-3 0  9997
2 33777  86.3790 300.0188 0005251 224.5718 135.5069 14.57055382917156
IRIDIUM 33 DEB
1 33850U 97051T   26200.56185829  .00000484  00000+0  13938-3 0  9997
2 33850  86.3416 296.0551 0012812 157.8706 212.8418 14.42745603913077
IRIDIUM 33 DEB
1 33860U 97051AD  26200.29038997  .00002569  00000+0  41943-3 0  9994
2 33860  86.3813 290.2210 0005649 311.6392 106.8297 14.70550159919319
IRIDIUM 33 DEB
1 33862U 97051AF  26200.33478800  .00001978  00000+0  29297-3 0  9993
2 33862  86.4089 300.7566 0048388  32.8657  30.5123 14.73810085920392
IRIDIUM 33 DEB
1 33866U 97051AK  26200.44133834  .00002024  00000+0  77784-3 0  9991
2 33866  86.3022   0.4068 0113378 177.6998 210.9528 14.26493185899272
IRIDIUM 33 DEB
1 33953U 97051BN  26200.31554583  .00001465  00000+0  31826-3 0  9997
2 33953  86.3868 318.7685 0018376  86.0789 303.3480 14.57307666914858
IRIDIUM 33 DEB
1 33960U 97051BV  26200.48707878  .00006004  00000+0  54900-3 0  9992
2 33960  86.2571 185.4734 0004555  76.0762  51.7074 14.94835561921261
IRIDIUM 33 DEB
1 34071U 97051CE  26200.27727358  .00000838  00000+0  20911-3 0  9992
2 34071  86.3437 282.7600 0009938 100.1719 260.0607 14.50464489915013
IRIDIUM 33 DEB
1 34077U 97051CL  26200.34323252  .00003245  00000+0  55743-3 0  9997
2 34077  86.3862 314.9125 0008050  10.3085  43.5270 14.68387320915379
IRIDIUM 33 DEB
1 34079U 97051CN  26200.64257097  .00006139  00000+0  62844-3 0  9990
2 34079  86.3714 268.4592 0003458 271.8454 240.5421 14.90355821922314
IRIDIUM 33 DEB
1 34088U 97051CX  26200.57342890  .00016482  00000+0  11243-2 0  9996
2 34088  86.3756 288.8915 0005949 142.2045 283.1371 15.06109823920209
IRIDIUM 33 DEB
1 34521U 97051HN  26200.51583373  .00002321  00000+0  41915-3 0  9992
2 34521  86.3785 293.9999 0002487 193.7932 166.3214 14.66065964916757
COSMOS 2251 DEB
1 33757U 93036E   26200.32051081  .00000023  00000+0  18167-4 0  9997
2 33757  74.0373 284.5689 0015806 250.8216 176.0198 14.32630044911265
COSMOS 2251 DEB
1 33758U 93036F   26200.33269110  .00001268  00000+0  31387-3 0  9993
2 33758  74.0265 162.7599 0016576 186.2736 324.5133 14.52965603914780
COSMOS 2251 DEB
1 33760U 93036H   26200.50076170  .00000069  00000+0  33023-4 0  9995
2 33760  74.0300 239.9257 0021668 287.9717 181.1162 14.35793955912649
COSMOS 2251 DEB
1 33761U 93036J   26200.48380245  .00000485  00000+0  15199-3 0  9999
2 33761  74.0336 206.0989 0024166 239.5390 275.1934 14.43097715913891
COSMOS 2251 DEB
1 33762U 93036K   26200.53654316  .00000019  00000+0  16116-4 0  9993
2 33762  74.0412 269.9991 0016403 281.9341 141.5807 14.33724224911838
COSMOS 2251 DEB
1 33764U 93036M   26200.51454008  .00000301  00000+0  10387-3 0  9996
2 33764  74.0313 228.5282 0020811 142.0738  19.2121 14.39908553913050
COSMOS 2251 DEB
1 33765U 93036N   26200.36564266  .00019574  00000+0  74420-3 0  9998
2 33765  73.9989  75.2046 0051949 112.2895 248.3825 15.25446701929367
COSMOS 2251 DEB
1 33766U 93036P   26200.45442387  .00000550  00000+0  19515-3 0  9996
2 33766  74.1859  97.5685 0063927 238.7361 120.7521 14.35578109908837
COSMOS 2251 DEB
1 33768U 93036R   26200.46945464  .00000050  00000+0  64197-4 0  9995
2 33768  74.0664 226.7748 0367844 335.8909 133.4602 13.58625721862668
COSMOS 2251 DEB
1 33779U 93036U   26200.50557309  .00006229  00000+0  92295-3 0  9992
2 33779  74.0433 104.6389 0014395  92.2003  86.0384 14.75252536917490
COSMOS 2251 DEB
1 33819U 93036BL  26200.63442512  .00000872  00000+0  31417-3 0  9997
2 33819  74.1779 173.6365 0089611 332.2509 144.4604 14.32941056906307
COSMOS 2251 DEB
1 33821U 93036BN  26200.49469418  .00020343  00000+0  49147-3 0  9992
2 33821  74.0243  34.7660 0032780  10.7270 349.4629 15.40532691783531
COSMOS 2251 DEB
1 33822U 93036BP  26200.61346447  .00001075  00000+0  51648-3 0  9993
2 33822  74.0673 166.8368 0150660 161.0884 317.7042 14.14253762891479
COSMOS 2251 DEB
1 33823U 93036BQ  26200.49017453  .00000519  00000+0  31061-3 0  9991
2 33823  73.8097 125.7815 0208425 213.1366 269.6567 13.99407182886699
COSMOS 2251 DEB
1 33825U 93036BS  26200.51838819  .00002189  00000+0  32945-3 0  9990
2 33825  73.9838 321.0198 0077025 235.9132 203.9140 14.73133489920981
COSMOS 2251 DEB
1 33826U 93036BT  26200.50726956  .00000627  00000+0  14730-3 0  9995
2 33826  74.0637 357.6235 0083025 348.9373  67.8974 14.54545986909478
COSMOS 2251 DEB
1 33828U 93036BV  26200.44294492  .00000487  00000+0  14676-3 0  9998
2 33828  74.0445 191.1631 0029545 214.9710 299.0735 14.44935374914712
COSMOS 2251 DEB
1 33830U 93036BX  26200.36129334  .00002005  00000+0  26988-3 0  9991
2 33830  74.0308 160.7662 0042871 228.2149 253.5205 14.79325190927022
COSMOS 2251 DEB
1 33832U 93036BZ  26200.57231573  .00002357  00000+0  46100-3 0  9993
2 33832  74.0540 151.4087 0021754 133.6130 346.0847 14.63297744916233
COSMOS 2251 DEB
1 33835U 93036CC  26200.55556659  .00001477  00000+0  28106-3 0  9997
2 33835  74.0550  41.8660 0054534  38.6397 352.4514 14.64100226919905
COSMOS 2251 DEB
1 33836U 93036CD  26200.41891328  .00003553  00000+0  43506-3 0  9996
2 33836  73.9949 185.9839 0024405 333.5719 180.1610 14.83384865673277
COSMOS 2251 DEB
1 33837U 93036CE  26200.48194128  .00000377  00000+0  10158-3 0  9996
2 33837  74.0124   3.6147 0033984 172.7285 187.4377 14.51113121919684
COSMOS 2251 DEB
1 33838U 93036CF  26200.18247013  .00000480  00000+0  13345-3 0  9992
2 33838  74.0369 100.5040 0026734 169.5522 342.7617 14.48942053917320
COSMOS 2251 DEB
1 33839U 93036CG  26200.61026616  .00000330  00000+0  64659-4 0  9994
2 33839  74.0390 145.6927 0084387 203.2129 339.1557 14.64970503927846
COSMOS 2251 DEB
1 33911U 93036DQ  26200.50372324  .00004215  00000+0  55777-3 0  9999
2 33911  74.0887  93.8169 0010067 322.9429 101.8374 14.80235085918765
COSMOS 2251 DEB
1 33912U 93036DR  26200.27725257  .00001078  00000+0  26722-3 0  9993
2 33912  74.0335 137.5760 0010980 173.0211 338.2152 14.53125959916064
COSMOS 2251 DEB
1 33913U 93036DS  26200.26078269  .00000655  00000+0  17659-3 0  9996
2 33913  74.0336 133.9234 0047584 184.2467 335.5676 14.49285322916224
COSMOS 2251 DEB
1 33914U 93036DT  26200.51321479  .00000177  00000+0  15571-3 0  9999
2 33914  74.0899  14.4333 0303589  66.4538 320.0756 13.72251164870827
COSMOS 2251 DEB
1 33915U 93036DU  26200.47512808  .00000356  00000+0  12468-3 0  9994
2 33915  74.0433 353.0219 0105916  31.3517  24.3222 14.35642752908965
COSMOS 2251 DEB
1 33916U 93036DV  26200.56904755  .00000221  00000+0  19491-3 0  9995
2 33916  74.0506  40.9829 0324205 164.2495 229.3806 13.68787522868859
COSMOS 2251 DEB
1 33917U 93036DW  26200.17319461  .00000219  00000+0  18448-3 0  9995
2 33917  74.1054 124.0380 0334063 173.4167 187.1512 13.69920613867244
COSMOS 2251 DEB
1 33920U 93036DZ  26200.14423023  .00002097  00000+0  42750-3 0  9995
2 33920  74.0579 242.2485 0032384 202.1684 157.8085 14.61322699913023
