NOAA 15
1 25338U 98030A   26204.85308691  .00000090  00000+0  54198-4 0  9994
2 25338  98.5065 224.4945 0009198 236.1659 123.8647 14.27156119466526
NOAA 20 (JPSS-1)
1 43013U 17073A   26204.79514477  .00000037  00000+0  38454-4 0  9994
2 43013  98.7772 143.9337 0001662 114.7848 245.3501 14.19517687449669
NOAA 21 (JPSS-2)
1 54234U 22150A   26204.82730373  .00000009  00000+0  24742-4 0  9996
2 54234  98.7059 143.0012 0002922  89.2386 270.9125 14.19542073191744
TERRA
1 25994U 99068A   26204.85944066  .00000330  00000+0  76192-4 0  9991
2 25994  97.9435 252.9477 0003661 105.7480 308.7370 14.61128749414960
AQUA
1 27424U 02022A   26204.86474439  .00000635  00000+0  13619-3 0  9990
2 27424  98.4303 174.8863 0001374 102.1497 288.0645 14.62137943288634
AURA
1 28376U 04026A   26204.82305252  .00000627  00000+0  13646-3 0  9996
2 28376  98.3435 161.5851 0001442  93.7182 266.4183 14.61377134171565
LANDSAT 8
1 39084U 13008A   26204.83183748  .00000258  00000+0  67368-4 0  9990
2 39084  98.2283 274.5283 0001333  91.6146 268.5205 14.57098547703239
LANDSAT 9
1 49260U 21088A   26204.66028723  .00000269  00000+0  69854-4 0  9990
2 49260  98.2263 274.3928 0001067  95.2306 264.9014 14.57099940256318
SENTINEL-1A
1 39634U 14016A   26204.71044689  .00000035  00000+0  17216-4 0  9998
2 39634  98.1701 211.7058 0001398  88.9672 271.1688 14.59174326655346
SENTINEL-2A
1 40697U 15028A   26204.85806826 -.00000099  00000+0 -21125-4 0  9993
2 40697  98.5670 279.1864 0001350  95.9931 264.1406 14.30815619578972
SENTINEL-3A
1 41335U 16011A   26204.82433404  .00000151  00000+0  80335-4 0  9996
2 41335  98.6230 271.6781 0001287  86.8623 273.2705 14.26736224543284
SENTINEL-5P
1 42969U 17064A   26204.36112713  .00000031  00000+0  35683-4 0  9998
2 42969  98.7929 146.2368 0001206  92.3775 267.7539 14.19524290454692
ISS (ZARYA)
1 25544U 98067A   26204.83049110  .00009620  00000+0  18169-3 0  9994
2 25544  51.6314 118.7564 0006921 330.4598  29.5998 15.49124476577435
CSS (TIANHE)
1 48274U 21035A   26204.73936068  .00010440  00000+0  13794-3 0  9997
2 48274  41.4707 100.0404 0002755 309.6784  50.3810 15.58301417298871
HST
1 20580U 90037B   26204.25693191  .00005734  00000+0  17776-3 0  9993
2 20580  28.4721 193.9755 0001928 181.0239 179.0353 15.31122099794106
CYGFM05
1 41884U 16078A   26204.84394743  .00023937  00000+0  30627-3 0  9997
2 41884  34.9578  17.5661 0005331 133.1527 226.9644 15.58196380534475
CYGFM04
1 41885U 16078B   26204.75882749  .00034000  00000+0  35343-3 0  9999
2 41885  34.9334 343.8944 0004510 181.9711 178.0998 15.63529208534721
CYGFM02
1 41886U 16078C   26204.74895777  .00040786  00000+0  36997-3 0  9998
2 41886  34.9412 337.3590 0005224 182.6208 177.4493 15.66900011534907
LEGION 3
1 60452U 24146A   26204.83879169  .00003659  00000+0  20243-3 0  9995
2 60452  45.0000 194.0563 0007248  22.6713 337.4484 15.15694343107583
JASON-3
1 41240U 16002A   26204.81828123 -.00000045  00000+0  67311-4 0  9998
2 41240  66.0415  48.8219 0008121 270.0942  89.9146 12.87629000491964
SENTINEL-6A
1 46984U 20086A   26204.07848740 -.00000059  00000+0  90394-5 0  9993
2 46984  66.0410  60.5060 0007779 269.6212  90.3912 12.80930280264925
SWOT
1 54754U 22173A   26204.85861926  .00000091  00000+0  63377-4 0  9998
2 54754  77.6119 345.8028 0000203  71.1761 288.9412 14.00172873184286
SWARM B
1 39451U 13067A   26204.79276163  .00003324  00000+0  11773-3 0  9997
2 39451  87.7465 331.1983 0002252  92.8420 267.3087 15.28760151688837
SWARM A
1 39452U 13067B   26204.79752612  .00009372  00000+0  16588-3 0  9994
2 39452  87.3302  42.6254 0002900  79.7977 280.3611 15.50121304711921
TIMED
1 26998U 01055B   26204.87197389  .00001127  00000+0  10570-3 0  9997
2 26998  74.0676 161.1506 0002395 290.8835  69.2093 14.95359418336303
CRYOSAT 2
1 36508U 10013A   26204.81596652  .00000065  00000+0  15359-4 0  9990
2 36508  92.0352 286.2061 0002528  98.6122 261.5372 14.51900040863394
RESURS-DK 1
1 29228U 06021A   26204.32442911  .00001589  00000+0  95009-4 0  9991
2 29228  69.9299 245.9974 0007572 262.5212  97.5094 15.13340824108048
IRIDIUM 33
1 24946U 97051C   26204.82706247  .00000220  00000+0  70002-4 0  9993
2 24946  86.3904 334.5774 0007257 190.5327 169.5719 14.35161772510346
IRIDIUM 33 DEB
1 33773U 97051L   26204.57816272  .00000784  00000+0  22480-3 0  9994
2 33773  86.4039 326.1419 0012937 130.0676 230.1662 14.43701743915623
IRIDIUM 33 DEB
1 33775U 97051N   26204.35082953  .00001100  00000+0  32825-3 0  9990
2 33775  86.3650 314.4808 0014729 141.1035 282.5303 14.42105724913489
IRIDIUM 33 DEB
1 33776U 97051P   26204.40442647  .00000639  00000+0  20217-3 0  9995
2 33776  86.4067 347.2314 0014548 178.1437 208.1853 14.38579202912837
IRIDIUM 33 DEB
1 33777U 97051Q   26204.51040587  .00003253  00000+0  71805-3 0  9999
2 33777  86.3786 298.1928 0005733 206.8378 153.2534 14.57079219917766
IRIDIUM 33 DEB
1 33850U 97051T   26204.31792617  .00000735  00000+0  21461-3 0  9992
2 33850  86.3413 294.4388 0013224 146.7595 280.1475 14.42750997913618
IRIDIUM 33 DEB
1 33860U 97051AD  26204.66468089  .00005412  00000+0  88682-3 0  9999
2 33860  86.3812 288.2742 0005538 289.2605 231.7683 14.70590717919950
IRIDIUM 33 DEB
1 33862U 97051AF  26204.76586706  .00003710  00000+0  55288-3 0  9994
2 33862  86.4086 298.7893 0047647  17.5672 140.6537 14.73839172921045
IRIDIUM 33 DEB
1 33866U 97051AK  26204.88622639  .00003982  00000+0  15354-2 0  9997
2 33866  86.3028 358.5231 0113957 163.4767 357.2459 14.26523420899901
IRIDIUM 33 DEB
1 33953U 97051BN  26204.29805138  .00002891  00000+0  63281-3 0  9997
2 33953  86.3868 317.0358 0018175  74.4042 315.1162 14.57328081915434
IRIDIUM 33 DEB
1 33960U 97051BV  26204.37512737  .00014292  00000+0  13062-2 0  9993
2 33960  86.2566 183.6147 0004416  71.0845  86.4507 14.94925103921848
IRIDIUM 33 DEB
1 34071U 97051CE  26204.20955775  .00001365  00000+0  34369-3 0  9993
2 34071  86.3433 281.0479 0009886  90.0991 270.1346 14.50475038915582
IRIDIUM 33 DEB
1 34077U 97051CL  26204.79163646  .00006899  00000+0  11877-2 0  9996
2 34077  86.3859 312.9419 0007424 353.1118 160.9012 14.68441887916028
IRIDIUM 33 DEB
1 34079U 97051CN  26204.44457176  .00013004  00000+0  13305-2 0  9998
2 34079  86.3716 266.7088 0003749 250.6046 127.5306 14.90441070922882
IRIDIUM 33 DEB
1 34088U 97051CX  26204.70989078  .00036535  00000+0  24705-2 0  9998
2 34088  86.3747 286.9412 0005825 129.6554  30.1468 15.06374076920826
IRIDIUM 33 DEB
1 34521U 97051HN  26204.26977901  .00004636  00000+0  84056-3 0  9996
2 34521  86.3782 292.3396 0003011 181.6297 178.4907 14.66096521917300
COSMOS 2251 DEB
1 33757U 93036E   26204.66832785  .00000037  00000+0  23334-4 0  9993
2 33757  74.0367 276.6317 0015740 242.4533 279.1316 14.32630655911887
COSMOS 2251 DEB
1 33758U 93036F   26204.85227784  .00002391  00000+0  58513-3 0  9993
2 33758  74.0270 154.2285 0016445 176.1809 205.6040 14.52986595915441
COSMOS 2251 DEB
1 33760U 93036H   26204.38399377  .00000147  00000+0  59699-4 0  9996
2 33760  74.0296 232.7972 0021733 280.3023  92.6027 14.35795217913200
COSMOS 2251 DEB
1 33761U 93036J   26204.43460134  .00000928  00000+0  28353-3 0  9992
2 33761  74.0340 198.7621 0024067 231.4370 280.0368 14.43105187914468
COSMOS 2251 DEB
1 33762U 93036K   26204.60241860  .00000030  00000+0  20276-4 0  9996
2 33762  74.0405 262.5651 0016431 274.0830 246.6503 14.33724677912416
COSMOS 2251 DEB
1 33764U 93036M   26204.74470083  .00000565  00000+0  18749-3 0  9998
2 33764  74.0312 220.7116 0020667 132.9840 347.2510 14.39913512913664
COSMOS 2251 DEB
1 33765U 93036N   26204.30027869  .00050517  00000+0  18929-2 0  9992
2 33765  73.9997  66.8679 0051362 102.7888 257.9059 15.25767226929968
COSMOS 2251 DEB
1 33766U 93036P   26204.42656662  .00000884  00000+0  30852-3 0  9997
2 33766  74.1857  90.3477 0063787 230.4075 129.1436 14.35585432909409
COSMOS 2251 DEB
1 33768U 93036R   26204.37431955  .00000171  00000+0  17079-3 0  9994
2 33768  74.0663 220.4699 0367942 328.7191 152.3710 13.58627110863199
COSMOS 2251 DEB
1 33779U 93036U   26204.16243508  .00013160  00000+0  19385-2 0  9991
2 33779  74.0435  97.4928 0014624  84.3745  67.4946 14.75334445918038
COSMOS 2251 DEB
1 33819U 93036BL  26204.34125196  .00001617  00000+0  57430-3 0  9996
2 33819  74.1785 166.9238 0089634 324.5770 186.4568 14.32953739906831
COSMOS 2251 DEB
1 33821U 93036BN  26204.19607510  .00039798  00000+0  94962-3 0  9999
2 33821  74.0246  26.7539 0033014   1.1956 358.9324 15.40777467784109
COSMOS 2251 DEB
1 33822U 93036BP  26204.83977844  .00001490  00000+0  71087-3 0  9992
2 33822  74.0677 159.3613 0150602 152.4531 235.4048 14.14265738892077
COSMOS 2251 DEB
1 33823U 93036BQ  26204.76083918  .00000695  00000+0  41106-3 0  9990
2 33823  73.8097 118.2916 0208243 204.8681 184.7820 13.99413403887292
COSMOS 2251 DEB
1 33825U 93036BS  26204.74258766  .00005027  00000+0  74843-3 0  9993
2 33825  73.9836 312.7610 0076954 226.8236 286.0903 14.73171397921608
COSMOS 2251 DEB
1 33826U 93036BT  26204.35209669  .00000994  00000+0  22955-3 0  9994
2 33826  74.0640 350.3620 0083087 340.5664  40.9739 14.54553263910031
COSMOS 2251 DEB
1 33828U 93036BV  26204.37099634  .00000878  00000+0  25820-3 0  9992
2 33828  74.0450 183.8514 0029397 206.7807 211.8245 14.44942210915285
COSMOS 2251 DEB
1 33830U 93036BX  26204.80953832  .00004311  00000+0  57413-3 0  9991
2 33830  74.0307 152.0113 0042705 218.3701 183.1356 14.79358655927685
COSMOS 2251 DEB
1 33832U 93036BZ  26204.79327810  .00004633  00000+0  89932-3 0  9990
2 33832  74.0540 143.3211 0021791 123.9484 262.3007 14.63333444916851
COSMOS 2251 DEB
1 33835U 93036CC  26204.51860009  .00002885  00000+0  54293-3 0  9994
2 33835  74.0564  34.2626 0054596  29.9210   0.8760 14.64121310920482
COSMOS 2251 DEB
1 33836U 93036CD  26204.39798921  .00007757  00000+0  94265-3 0  9990
2 33836  73.9949 178.0848 0024455 324.9116 189.2728 14.83439283673860
COSMOS 2251 DEB
1 33837U 93036CE  26204.82520632  .00000812  00000+0  21029-3 0  9994
2 33837  74.0129 355.4319 0033827 163.5385 196.6883 14.51120161920311
COSMOS 2251 DEB
1 33838U 93036CF  26204.38807961  .00000819  00000+0  22244-3 0  9996
2 33838  74.0366  92.6207 0026590 160.4517 320.2472 14.48949098917930
COSMOS 2251 DEB
1 33839U 93036CG  26204.57004183  .00000673  00000+0  12524-3 0  9991
2 33839  74.0395 138.0780 0084210 194.6417 342.5749 14.64976310928420
COSMOS 2251 DEB
1 33911U 93036DQ  26203.67382934  .00009067  00000+0  11923-2 0  9992
2 33911  74.0890  87.5904 0010023 316.3554  74.5623 14.80282143919237
COSMOS 2251 DEB
1 33912U 93036DR  26204.79623345  .00001862  00000+0  45626-3 0  9994
2 33912  74.0337 129.0471 0010869 162.6543 218.9897 14.53142886916720
COSMOS 2251 DEB
1 33913U 93036DS  26204.26376948  .00001132  00000+0  29971-3 0  9996
2 33913  74.0340 126.4148 0047440 175.6694 340.9949 14.49294465916802
COSMOS 2251 DEB
1 33914U 93036DT  26204.45102176  .00000313  00000+0  26314-3 0  9996
2 33914  74.0902   7.9400 0303587  59.0295 333.2904 13.72253936871360
COSMOS 2251 DEB
1 33915U 93036DU  26204.37214833  .00000614  00000+0  20847-3 0  9991
2 33915  74.0437 345.8733 0105995  23.1893   5.4373 14.35647709909529
COSMOS 2251 DEB
1 33916U 93036DV  26204.02310579  .00000387  00000+0  32824-3 0  9993
2 33916  74.0507  35.3054 0324142 157.8042 329.7404 13.68790435869323
COSMOS 2251 DEB
1 33917U 93036DW  26204.77386556  .00000263  00000+0  21810-3 0  9990
2 33917  74.1055 116.4869 0333913 164.7705 196.3772 13.69923014867873
COSMOS 2251 DEB
1 33920U 93036DZ  26204.52559677  .00004508  00000+0  91081-3 0  9996
2 33920  74.0582 233.8814 0032188 192.9948 167.0393 14.61356656913665
