NOAA 15
1 25338U 98030A   26199.94542278  .00000029  00000+0  29584-4 0  9991
2 25338  98.5064 219.7195 0009060 252.2814 107.7378 14.27155029465822
NOAA 20 (JPSS-1)
1 43013U 17073A   26199.93160338  .00000031  00000+0  35547-4 0  9990
2 43013  98.7772 139.1131 0001524 120.4647 239.6680 14.19516914448975
NOAA 21 (JPSS-2)
1 54234U 22150A   26199.89335563  .00000003  00000+0  22174-4 0  9999
2 54234  98.7059 138.1501 0002899  98.2068 261.9437 14.19541411191046
TERRA
1 25994U 99068A   26199.92711742  .00000156  00000+0  40641-4 0  9991
2 25994  97.9438 248.2121 0003546 115.4264 290.2725 14.61125306414243
AQUA
1 27424U 02022A   26199.94608743  .00000337  00000+0  76941-4 0  9996
2 27424  98.4299 169.8680 0001256 101.7557 333.4935 14.62131534287917
AURA
1 28376U 04026A   26199.89326444  .00000348  00000+0  80067-4 0  9994
2 28376  98.3432 156.6130 0001372  93.9929 266.1428 14.61370780170849
LANDSAT 8
1 39084U 13008A   26199.95625268  .00000143  00000+0  41811-4 0  9992
2 39084  98.2287 269.7118 0001345  91.5995 268.5357 14.57095703702520
LANDSAT 9
1 49260U 21088A   26199.78470674  .00000148  00000+0  42939-4 0  9993
2 49260  98.2267 269.5772 0001092  91.0107 269.1216 14.57096977255605
SENTINEL-1A
1 39634U 14016A   26199.91036510 -.00000108  00000+0 -13218-4 0  9998
2 39634  98.1730 206.9792 0001444  83.1545 276.9819 14.59173188654643
SENTINEL-2A
1 40697U 15028A   26199.89302633  .00000073  00000+0  44329-4 0  9998
2 40697  98.5673 274.2930 0001305  96.1306 264.0026 14.30815041578262
SENTINEL-3A
1 41335U 16011A   26199.91525131  .00000044  00000+0  36285-4 0  9994
2 41335  98.6234 266.8407 0001324  89.1466 270.9866 14.26740431542581
SENTINEL-5P
1 42969U 17064A   26199.85003884  .00000004  00000+0  22990-4 0  9990
2 42969  98.7929 141.7574 0001164  94.0108 266.1201 14.19523593454057
ISS (ZARYA)
1 25544U 98067A   26199.86307315  .00004074  00000+0  81939-4 0  9998
2 25544  51.6317 143.3357 0006807 311.9483  48.0925 15.49045026576665
CSS (TIANHE)
1 48274U 21035A   26199.86839133  .00011781  00000+0  15576-3 0  9998
2 48274  41.4683 129.5686 0002049 305.3680  54.6966 15.58184735298114
HST
1 20580U 90037B   26199.75945339  .00002987  00000+0  89242-4 0  9990
2 20580  28.4721 224.7316 0002157 138.2222 221.8539 15.31081460793414
CYGFM05
1 41884U 16078A   26199.84625671  .00015670  00000+0  20268-3 0  9992
2 41884  34.9570  50.7291 0005373  76.9202 283.2122 15.57968114533696
CYGFM04
1 41885U 16078B   26199.84197242  .00020600  00000+0  21725-3 0  9999
2 41885  34.9330  16.7903 0004169 127.9660 232.1443 15.63234226533955
CYGFM02
1 41886U 16078C   26199.84260715  .00025345  00000+0  23388-3 0  9994
2 41886  34.9411  10.3456 0004900 129.8285 230.2874 15.66548596534135
LEGION 3
1 60452U 24146A   26199.89564667  .00001116  00000+0  71349-4 0  9998
2 60452  45.0015 220.5536 0007854 354.1766   5.9020 15.15666844106833
JASON-3
1 41240U 16002A   26199.92508406 -.00000036  00000+0  10541-3 0  9994
2 41240  66.0416  59.1102 0008147 270.5945  89.4140 12.87628846491334
SENTINEL-6A
1 46984U 20086A   26199.86238794 -.00000054  00000+0  29376-4 0  9991
2 46984  66.0412  69.2636 0007777 269.6697  90.3427 12.80930241264385
SWOT
1 54754U 22173A   26199.92828305 -.00000038  00000+0 -23865-4 0  9994
2 54754  77.6115 352.4583 0000234  66.2426 293.8750 14.00172492183599
SWARM B
1 39451U 13067A   26199.88335342  .00001911  00000+0  67177-4 0  9995
2 39451  87.7464 332.6885 0002224  86.1050 274.0453 15.28731201688080
SWARM A
1 39452U 13067B   26199.82954145  .00005797  00000+0  97405-4 0  9991
2 39452  87.3298  44.4737 0003340  92.4204 267.7440 15.51500932711158
TIMED
1 26998U 01055B   26199.92120494  .00000534  00000+0  51999-4 0  9991
2 26998  74.0668 171.1193 0002316 296.5904  63.5043 14.95348938335564
CRYOSAT 2
1 36508U 10013A   26199.92263496  .00000082  00000+0  19662-4 0  9992
2 36508  92.0357 285.0167 0002441  98.7929 261.3554 14.51899145862687
RESURS-DK 1
1 29228U 06021A   26199.89585017  .00000895  00000+0  56239-4 0  9992
2 29228  69.9303 257.4641 0007330 267.0322  93.0005 15.13326509107379
IRIDIUM 33
1 24946U 97051C   26199.87674619  .00000129  00000+0  38186-4 0  9993
2 24946  86.3899 336.6542 0006657 208.2749 151.8087 14.35159937509635
IRIDIUM 33 DEB
1 33773U 97051L   26199.86502573  .00000410  00000+0  11483-3 0  9992
2 33773  86.4037 328.1391 0012554 143.4000 216.8061 14.43694706914944
IRIDIUM 33 DEB
1 33775U 97051N   26199.85325972  .00000668  00000+0  19711-3 0  9996
2 33775  86.3650 316.4019 0014288 154.0583 335.0230 14.42096564912838
IRIDIUM 33 DEB
1 33776U 97051P   26199.90362346  .00000379  00000+0  11735-3 0  9996
2 33776  86.4062 349.1216 0013969 193.0112 299.0171 14.38574064912187
IRIDIUM 33 DEB
1 33777U 97051Q   26199.77179724  .00001694  00000+0  37177-3 0  9997
2 33777  86.3791 300.2583 0005200 226.9242 133.1532 14.57053133917072
IRIDIUM 33 DEB
1 33850U 97051T   26199.82079785  .00000513  00000+0  14782-3 0  9997
2 33850  86.3416 296.3740 0012723 160.1006 324.0812 14.42745064912963
IRIDIUM 33 DEB
1 33860U 97051AD  26199.75886243  .00002550  00000+0  41632-3 0  9992
2 33860  86.3813 290.4576 0005705 314.1960 172.2178 14.70547364919238
IRIDIUM 33 DEB
1 33862U 97051AF  26199.80207538  .00002063  00000+0  30566-3 0  9997
2 33862  86.4090 300.9931 0048468  34.6727  84.1384 14.73808284920313
IRIDIUM 33 DEB
1 33866U 97051AK  26199.73737971  .00001898  00000+0  72920-3 0  9997
2 33866  86.3022   0.7052 0113291 179.9583 195.8725 14.26489706899170
IRIDIUM 33 DEB
1 33953U 97051BN  26199.79129525  .00001400  00000+0  30404-3 0  9990
2 33953  86.3868 318.9965 0018402  87.6244  73.1995 14.57305765914776
IRIDIUM 33 DEB
1 33960U 97051BV  26199.42048836  .00006110  00000+0  55885-3 0  9996
2 33960  86.2571 185.9833 0004544  76.5875  75.2892 14.94822469921109
IRIDIUM 33 DEB
1 34071U 97051CE  26199.72537193  .00000814  00000+0  20283-3 0  9991
2 34071  86.3438 283.0003 0009933 101.5768 258.6552 14.50463429914934
IRIDIUM 33 DEB
1 34077U 97051CL  26199.81932434  .00003246  00000+0  55760-3 0  9994
2 34077  86.3863 315.1445 0008154  12.2857 153.8783 14.68383854915294
IRIDIUM 33 DEB
1 34079U 97051CN  26199.97569054  .00006622  00000+0  67821-3 0  9999
2 34079  86.3715 268.7662 0003431 275.9846 260.7901 14.90347716922217
IRIDIUM 33 DEB
1 34088U 97051CX  26199.78670112  .00016210  00000+0  11065-2 0  9998
2 34088  86.3760 289.2622 0005930 144.4487 338.1710 15.06083678920081
IRIDIUM 33 DEB
1 34521U 97051HN  26199.76503695  .00002273  00000+0  41038-3 0  9997
2 34521  86.3786 294.3319 0002382 196.6644 163.4492 14.66062297916645
COSMOS 2251 DEB
1 33757U 93036E   26199.71047796  .00000031  00000+0  20927-4 0  9991
2 33757  74.0374 285.6826 0015812 252.0145 269.8631 14.32629996911170
COSMOS 2251 DEB
1 33758U 93036F   26199.64912652  .00001194  00000+0  29590-3 0  9991
2 33758  74.0264 164.0502 0016599 187.7425 349.0015 14.52963477914681
COSMOS 2251 DEB
1 33760U 93036H   26199.31102606  .00000077  00000+0  35714-4 0  9993
2 33760  74.0302 242.1097 0021657 290.3251 151.6593 14.35793676912479
COSMOS 2251 DEB
1 33761U 93036J   26199.51426638  .00000452  00000+0  14222-3 0  9997
2 33761  74.0336 207.8995 0024178 241.4501 278.4354 14.43096505913759
COSMOS 2251 DEB
1 33762U 93036K   26199.56011839  .00000023  00000+0  17608-4 0  9992
2 33762  74.0413 271.7843 0016390 283.8115 142.0007 14.33724146911696
COSMOS 2251 DEB
1 33764U 93036M   26199.81052178  .00000299  00000+0  10319-3 0  9999
2 33764  74.0314 229.8291 0020832 143.5574 329.8022 14.39908046912957
COSMOS 2251 DEB
1 33765U 93036N   26199.77538979  .00019052  00000+0  72498-3 0  9996
2 33765  73.9991  76.4549 0051956 113.6740 246.9925 15.25421918929271
COSMOS 2251 DEB
1 33766U 93036P   26199.82724196  .00000541  00000+0  19229-3 0  9997
2 33766  74.1859  98.7086 0063952 240.0481 119.4314 14.35577345908748
COSMOS 2251 DEB
1 33768U 93036R   26199.34536377  .00000051  00000+0  65112-4 0  9997
2 33768  74.0664 228.5897 0367809 337.9566  35.4710 13.58625571862514
COSMOS 2251 DEB
1 33779U 93036U   26199.87642209  .00006500  00000+0  96297-3 0  9991
2 33779  74.0433 105.8683 0014341  93.6866 344.5906 14.75245122917409
COSMOS 2251 DEB
1 33819U 93036BL  26199.65647258  .00000842  00000+0  30343-3 0  9994
2 33819  74.1778 175.4075 0089574 334.2899 139.6140 14.32939047906168
COSMOS 2251 DEB
1 33821U 93036BN  26199.91021997  .00021843  00000+0  52789-3 0  9994
2 33821  74.0241  36.0309 0032824  12.1651 348.0342 15.40508206783444
COSMOS 2251 DEB
1 33822U 93036BP  26199.88852931  .00001130  00000+0  54226-3 0  9996
2 33822  74.0673 168.1193 0150755 162.5342 226.8523 14.14252954891375
COSMOS 2251 DEB
1 33823U 93036BQ  26199.83433109  .00000504  00000+0  30224-3 0  9990
2 33823  73.8097 126.9318 0208456 214.4060 205.6003 13.99406470886604
COSMOS 2251 DEB
1 33825U 93036BS  26199.76737519  .00002112  00000+0  31805-3 0  9999
2 33825  73.9839 322.4880 0077034 237.5397 181.1092 14.73129784920870
COSMOS 2251 DEB
1 33826U 93036BT  26199.90662331  .00000681  00000+0  15940-3 0  9996
2 33826  74.0637 358.7580 0083027 350.2421 162.6803 14.54545471909389
COSMOS 2251 DEB
1 33828U 93036BV  26199.38824372  .00000477  00000+0  14387-3 0  9992
2 33828  74.0445 193.1263 0029578 217.1806 212.7821 14.44934278914565
COSMOS 2251 DEB
1 33830U 93036BX  26199.87197683  .00002041  00000+0  27465-3 0  9997
2 33830  74.0307 161.7293 0042904 229.2789 167.6588 14.79323402926954
COSMOS 2251 DEB
1 33832U 93036BZ  26199.87188161  .00002451  00000+0  47920-3 0  9993
2 33832  74.0540 152.7508 0021755 135.2253 256.2033 14.63294771916135
COSMOS 2251 DEB
1 33835U 93036CC  26199.94765140  .00001565  00000+0  29753-3 0  9991
2 33835  74.0550  43.0324 0054529  39.9602  28.2805 14.64098657919818
COSMOS 2251 DEB
1 33836U 93036CD  26199.74882101  .00003449  00000+0  42263-3 0  9991
2 33836  73.9948 187.3141 0024403 334.9999 201.8194 14.83379831673175
COSMOS 2251 DEB
1 33837U 93036CE  26199.86147340  .00000389  00000+0  10448-3 0  9994
2 33837  74.0124   4.7837 0034007 174.0540 186.1032 14.51112641919598
COSMOS 2251 DEB
1 33838U 93036CF  26199.89315722  .00000477  00000+0  13258-3 0  9999
2 33838  74.0368 101.0462 0026756 170.1588 273.6583 14.48941764917284
COSMOS 2251 DEB
1 33839U 93036CG  26199.90355993  .00000343  00000+0  66792-4 0  9990
2 33839  74.0389 147.0518 0084420 204.7471 212.0685 14.64970068927746
COSMOS 2251 DEB
1 33911U 93036DQ  26199.90724872  .00004394  00000+0  58122-3 0  9994
2 33911  74.0889  94.9885 0010073 324.1262 163.4741 14.80230219918676
COSMOS 2251 DEB
1 33912U 93036DR  26199.91721569  .00001076  00000+0  26657-3 0  9998
2 33912  74.0335 138.2556 0010991 173.7877 254.7751 14.53125226916011
COSMOS 2251 DEB
1 33913U 93036DS  26199.82196395  .00000615  00000+0  16622-3 0  9991
2 33913  74.0336 134.7466 0047589 185.2075 206.0345 14.49284548916168
COSMOS 2251 DEB
1 33914U 93036DT  26199.87368413  .00000180  00000+0  15806-3 0  9999
2 33914  74.0898  15.4880 0303581  67.6604  40.7238 13.72250890870739
COSMOS 2251 DEB
1 33915U 93036DU  26199.85951975  .00000390  00000+0  13549-3 0  9994
2 33915  74.0432 354.1511 0105915  32.6444  82.6534 14.35642450908871
COSMOS 2251 DEB
1 33916U 93036DV  26199.91855590  .00000236  00000+0  20634-3 0  9990
2 33916  74.0507  42.0521 0324214 165.4636 263.9944 13.68787238868763
COSMOS 2251 DEB
1 33917U 93036DW  26199.88108797  .00000231  00000+0  19368-3 0  9994
2 33917  74.1054 124.5175 0334068 173.9649 186.5657 13.69920631867205
COSMOS 2251 DEB
1 33920U 93036DZ  26199.52809409  .00002108  00000+0  42966-3 0  9992
2 33920  74.0580 243.4253 0032378 203.3537 156.6161 14.61319799912932
