NOAA 15
1 25338U 98030A   26214.17763767  .00000087  00000+0  53126-4 0  9995
2 25338  98.5065 233.5668 0009645 206.5566 153.5122 14.27159038467852
NOAA 20 (JPSS-1)
1 43013U 17073A   26214.16978861  .00000036  00000+0  38058-4 0  9996
2 43013  98.7776 153.2257 0001885 103.4776 256.6611 14.19519333450995
NOAA 21 (JPSS-2)
1 54234U 22150A   26214.13131147  .00000041  00000+0  40334-4 0  9996
2 54234  98.7062 152.1492 0002896  73.2313 286.9181 14.19543763193067
TERRA
1 25994U 99068A   26214.17687265  .00000327  00000+0  75572-4 0  9999
2 25994  97.9427 261.8929 0003685  87.6994 347.8971 14.61136385416324
AQUA
1 27424U 02022A   26214.18291689  .00000630  00000+0  13500-3 0  9994
2 27424  98.4316 184.3939 0001570  99.0790 350.4662 14.62152750289992
AURA
1 28376U 04026A   26214.13480235  .00000623  00000+0  13571-3 0  9999
2 28376  98.3446 170.9774 0001567  91.5926 268.5454 14.61391777172929
LANDSAT 8
1 39084U 13008A   26214.17095475  .00000250  00000+0  65552-4 0  9992
2 39084  98.2276 283.7536 0001276  92.3909 267.7436 14.57104847704593
LANDSAT 9
1 49260U 21088A   26214.13673520  .00000292  00000+0  75006-4 0  9996
2 49260  98.2255 283.7517 0001110 102.3993 257.7330 14.57106727257693
SENTINEL-1A
1 39634U 14016A   26214.17323817  .00000103  00000+0  31473-4 0  9999
2 39634  98.1610 221.0129 0001401  83.9289 276.2071 14.59278126656720
SENTINEL-2A
1 40697U 15028A   26214.15876748  .00000005  00000+0  18702-4 0  9999
2 40697  98.5668 288.3529 0001326  93.2987 266.8347 14.30818836580301
SENTINEL-3A
1 41335U 16011A   26214.15160389  .00000089  00000+0  54976-4 0  9994
2 41335  98.6223 280.8686 0001164  86.1386 273.9928 14.26738683544618
SENTINEL-5P
1 42969U 17064A   26213.80621043  .00000056  00000+0  47643-4 0  9994
2 42969  98.7934 155.6156 0001252  90.1658 269.9662 14.19525930456037
ISS (ZARYA)
1 25544U 98067A   26214.05483574  .00006269  00000+0  12055-3 0  9999
2 25544  51.6314  73.1030 0007159   3.2336 356.8698 15.49306946578861
CSS (TIANHE)
1 48274U 21035A   26214.15917001  .00017484  00000+0  22459-3 0  9993
2 48274  41.4686  42.9087 0001003 282.8491  77.2235 15.58698146300343
HST
1 20580U 90037B   26214.16388447  .00005559  00000+0  17148-3 0  9997
2 20580  28.4729 126.2201 0001753 305.1760  54.8672 15.31239956795626
CYGFM05
1 41884U 16078A   26213.68389535  .00024716  00000+0  31048-3 0  9996
2 41884  34.9576 318.8751 0006181 220.9493 139.0769 15.58670420535858
CYGFM04
1 41885U 16078B   26214.20640917  .00028742  00000+0  29154-3 0  9998
2 41885  34.9314 280.6372 0005077 265.1007  94.9139 15.64168532536202
CYGFM02
1 41886U 16078C   26214.17579804  .00035118  00000+0  30907-3 0  9994
2 41886  34.9394 273.9232 0005639 267.2468  92.7614 15.67661194536387
LEGION 3
1 60452U 24146A   26214.19745360  .00003742  00000+0  20626-3 0  9998
2 60452  45.0006 143.8876 0006556  83.1643 276.9982 15.15771441109007
JASON-3
1 41240U 16002A   26214.13865465 -.00000058  00000+0  15848-4 0  9996
2 41240  66.0421  29.2252 0008109 269.0421  90.9668 12.87629366493167
SENTINEL-6A
1 46984U 20086A   26213.91605205 -.00000065  00000+0 -18238-4 0  9997
2 46984  66.0413  40.0716 0007763 269.3388  90.6738 12.80930439266188
SWOT
1 54754U 22173A   26214.14768558  .00000276  00000+0  18900-3 0  9994
2 54754  77.6127 333.2647 0000111  69.0104 291.1059 14.00170695185585
SWARM B
1 39451U 13067A   26214.15305132  .00003221  00000+0  11380-3 0  9997
2 39451  87.7478 328.3578 0002333 100.0339 260.1173 15.28827671690268
SWARM A
1 39452U 13067B   26214.15819862  .00008188  00000+0  14519-3 0  9992
2 39452  87.3297  39.1480 0003045  85.6746 274.4862 15.50049287713379
TIMED
1 26998U 01055B   26213.97057561  .00001190  00000+0  11131-3 0  9999
2 26998  74.0682 142.8298 0002491 281.0090  79.0814 14.95382831337661
CRYOSAT 2
1 36508U 10013A   26214.18910110  .00000154  00000+0  37400-4 0  9990
2 36508  92.0344 288.4839 0002685  96.2102 263.9411 14.51902125864755
RESURS-DK 1
1 29228U 06021A   26214.10678176  .00001856  00000+0  10982-3 0  9995
2 29228  69.9303 220.6682 0007632 254.1805 105.8520 15.13380689109526
IRIDIUM 33
1 24946U 97051C   26214.03045007  .00000217  00000+0  69006-4 0  9995
2 24946  86.3912 330.7172 0008402 161.5134 198.6369 14.35165485511667
IRIDIUM 33 DEB
1 33773U 97051L   26213.79642279  .00000879  00000+0  25274-3 0  9991
2 33773  86.4044 322.2364 0013365 104.3638 255.9048 14.43718126916956
IRIDIUM 33 DEB
1 33775U 97051N   26214.19538336  .00001022  00000+0  30434-3 0  9991
2 33775  86.3650 310.2757 0015258 113.5108 266.8380 14.42129180914908
IRIDIUM 33 DEB
1 33776U 97051P   26214.10119721  .00000694  00000+0  22001-3 0  9991
2 33776  86.4078 343.1600 0015680 148.1088  25.0546 14.38593030914224
IRIDIUM 33 DEB
1 33777U 97051Q   26214.19333330  .00002714  00000+0  59724-3 0  9992
2 33777  86.3780 293.9726 0006959 173.7396 186.3901 14.57142280919173
IRIDIUM 33 DEB
1 33850U 97051T   26214.22730198  .00000818  00000+0  23922-3 0  9995
2 33850  86.3406 290.1742 0013964 118.3246 264.4830 14.42768611915047
IRIDIUM 33 DEB
1 33860U 97051AD  26214.16568479  .00004771  00000+0  77951-3 0  9993
2 33860  86.3801 284.0460 0006154 242.9998 146.5164 14.70692167921351
IRIDIUM 33 DEB
1 33862U 97051AF  26214.17835389  .00002569  00000+0  38155-3 0  9999
2 33862  86.4082 294.6109 0046188 344.2386  43.3694 14.73901373922437
IRIDIUM 33 DEB
1 33866U 97051AK  26213.92731817  .00003897  00000+0  14988-2 0  9998
2 33866  86.3042 354.6916 0114718 134.8689 348.3702 14.26598297901196
IRIDIUM 33 DEB
1 33953U 97051BN  26213.79245677  .00003008  00000+0  65773-3 0  9997
2 33953  86.3872 312.9049 0017291  45.3804  84.3145 14.57387694916815
IRIDIUM 33 DEB
1 33960U 97051BV  26214.18706918  .00012327  00000+0  11185-2 0  9990
2 33960  86.2579 178.9231 0003798  66.7614 305.9715 14.95209222923312
IRIDIUM 33 DEB
1 34071U 97051CE  26214.14359632  .00001427  00000+0  35933-3 0  9994
2 34071  86.3425 276.7220 0009355  64.2479 295.9690 14.50505962917021
IRIDIUM 33 DEB
1 34077U 97051CL  26214.05236426  .00006329  00000+0  10862-2 0  9994
2 34077  86.3863 308.8397 0006559 311.8447 168.3425 14.68571930917389
IRIDIUM 33 DEB
1 34079U 97051CN  26214.11392630  .00010558  00000+0  10734-2 0  9990
2 34079  86.3703 262.2575 0005285 207.3800 182.4561 14.90682338924322
IRIDIUM 33 DEB
1 34088U 97051CX  26214.18182623  .00027673  00000+0  18397-2 0  9995
2 34088  86.3717 282.4729 0005128  97.5948 285.2379 15.07042507922256
IRIDIUM 33 DEB
1 34521U 97051HN  26213.96135694  .00004149  00000+0  75025-3 0  9993
2 34521  86.3773 288.0538 0004191 157.4525 202.6874 14.66187226918728
COSMOS 2251 DEB
1 33757U 93036E   26214.13979427  .00000042  00000+0  25181-4 0  9999
2 33757  74.0353 259.3398 0015525 224.0491 166.7872 14.32632184913248
COSMOS 2251 DEB
1 33758U 93036F   26214.16687727  .00002191  00000+0  53645-3 0  9994
2 33758  74.0281 136.6451 0016203 155.1962 329.8918 14.53034780916794
COSMOS 2251 DEB
1 33760U 93036H   26214.15071005  .00000125  00000+0  52144-4 0  9991
2 33760  74.0296 214.8678 0021740 261.0441 174.4579 14.35798907914607
COSMOS 2251 DEB
1 33761U 93036J   26214.18215292  .00000868  00000+0  26564-3 0  9993
2 33761  74.0351 180.6605 0023726 211.4006 160.1938 14.43124456915874
COSMOS 2251 DEB
1 33762U 93036K   26214.14164858  .00000028  00000+0  19466-4 0  9993
2 33762  74.0393 245.1231 0016428 255.6623 161.2012 14.33726124913781
COSMOS 2251 DEB
1 33764U 93036M   26214.11676796  .00000628  00000+0  20764-3 0  9999
2 33764  74.0315 203.3934 0020495 112.4876 330.2517 14.39926662915013
COSMOS 2251 DEB
1 33765U 93036N   26214.00098959  .00052586  00000+0  19115-2 0  9994
2 33765  73.9990  46.2873 0048454  79.0814 281.5833 15.26888894931447
COSMOS 2251 DEB
1 33766U 93036P   26214.04324962  .00000976  00000+0  33962-3 0  9998
2 33766  74.1850  72.8646 0063472 210.2116 149.5373 14.35605261910780
COSMOS 2251 DEB
1 33768U 93036R   26214.21778757  .00000192  00000+0  18931-3 0  9993
2 33768  74.0671 204.5764 0368030 310.6738  57.4121 13.58632288864532
COSMOS 2251 DEB
1 33779U 93036U   26214.06143852  .00009695  00000+0  14225-2 0  9998
2 33779  74.0426  78.1419 0014967  63.2269  86.7406 14.75565013919499
COSMOS 2251 DEB
1 33819U 93036BL  26213.96103829  .00001565  00000+0  55602-3 0  9994
2 33819  74.1795 149.5032 0089584 304.6983 131.8065 14.32988470908210
COSMOS 2251 DEB
1 33821U 93036BN  26214.12798014  .00034178  00000+0  79506-3 0  9997
2 33821  74.0254   5.2347 0034090 335.9606  24.0009 15.41530021785636
COSMOS 2251 DEB
1 33822U 93036BP  26213.90265667  .00001401  00000+0  66870-3 0  9999
2 33822  74.0680 143.3311 0150603 133.9721 298.4965 14.14294625893351
COSMOS 2251 DEB
1 33823U 93036BQ  26214.15169632  .00000830  00000+0  48788-3 0  9996
2 33823  73.8091 101.8208 0207953 186.6854 335.2159 13.99428699888601
COSMOS 2251 DEB
1 33825U 93036BS  26214.22651764  .00004618  00000+0  68655-3 0  9991
2 33825  73.9831 294.2179 0076586 206.4205 184.8224 14.73280074923008
COSMOS 2251 DEB
1 33826U 93036BT  26213.79455221  .00001443  00000+0  32974-3 0  9991
2 33826  74.0644 332.5283 0083463 320.0597 165.9952 14.54578043911408
COSMOS 2251 DEB
1 33828U 93036BV  26214.12426461  .00000927  00000+0  27222-3 0  9991
2 33828  74.0460 165.6977 0028990 186.0530 186.7826 14.44961674916694
COSMOS 2251 DEB
1 33830U 93036BX  26214.23108403  .00003450  00000+0  45969-3 0  9991
2 33830  74.0315 133.4663 0042326 197.3533 320.8536 14.79438902929074
COSMOS 2251 DEB
1 33832U 93036BZ  26214.18257015  .00003927  00000+0  76175-3 0  9993
2 33832  74.0544 125.3294 0021884 102.8822  47.3561 14.63423897918222
COSMOS 2251 DEB
1 33835U 93036CC  26213.90222229  .00002338  00000+0  44067-3 0  9994
2 33835  74.0568  16.2578 0054833   9.2231 141.5818 14.64172127921851
COSMOS 2251 DEB
1 33836U 93036CD  26213.95730769  .00007684  00000+0  93016-3 0  9990
2 33836  73.9964 159.1055 0024346 304.0441 122.1455 14.83605825675284
COSMOS 2251 DEB
1 33837U 93036CE  26214.06318141  .00000796  00000+0  20626-3 0  9994
2 33837  74.0138 338.0286 0033391 143.6828 216.6609 14.51136661921657
COSMOS 2251 DEB
1 33838U 93036CF  26214.05993095  .00000929  00000+0  25140-3 0  9995
2 33838  74.0358  74.4893 0026344 139.3559  11.6331 14.48968807919338
COSMOS 2251 DEB
1 33839U 93036CG  26214.19393308  .00000721  00000+0  13368-3 0  9991
2 33839  74.0393 119.5705 0083777 173.6448 338.4645 14.64992139929839
COSMOS 2251 DEB
1 33911U 93036DQ  26214.03590175  .00008019  00000+0  10506-2 0  9994
2 33911  74.0882  67.2330 0009987 294.2597 216.6271 14.80464165920768
COSMOS 2251 DEB
1 33912U 93036DR  26214.18430421  .00001826  00000+0  44717-3 0  9999
2 33912  74.0339 111.3271 0010678 140.9605  13.3118 14.53184474918083
COSMOS 2251 DEB
1 33913U 93036DS  26214.20459411  .00001116  00000+0  29552-3 0  9995
2 33913  74.0334 107.7665 0047135 154.2598   7.6029 14.49319390918249
COSMOS 2251 DEB
1 33914U 93036DT  26213.87131648  .00000259  00000+0  22025-3 0  9992
2 33914  74.0912 352.4071 0303657  41.2582  70.8110 13.72260789872653
COSMOS 2251 DEB
1 33915U 93036DU  26213.72601502  .00000724  00000+0  24402-3 0  9996
2 33915  74.0441 328.7151 0106250   3.5978 109.7251 14.35662400910866
COSMOS 2251 DEB
1 33916U 93036DV  26214.17957355  .00000376  00000+0  31879-3 0  9996
2 33916  74.0516  18.6121 0323985 138.8655 337.3936 13.68799881870719
COSMOS 2251 DEB
1 33917U 93036DW  26214.12120473  .00000486  00000+0  38959-3 0  9993
2 33917  74.1047 101.1442 0333622 147.1974 215.0349 13.69931580869151
COSMOS 2251 DEB
1 33920U 93036DZ  26214.04094713  .00004744  00000+0  95622-3 0  9996
2 33920  74.0575 215.7081 0031935 172.5324 187.6325 14.61449901915057
