NOAA 15
1 25338U 98030A   26207.58735544  .00000131  00000+0  71180-4 0  9994
2 25338  98.5066 227.1548 0009309 227.3169 132.7228 14.27157066466917
NOAA 20 (JPSS-1)
1 43013U 17073A   26207.61458761  .00000049  00000+0  43989-4 0  9993
2 43013  98.7773 146.7282 0001733 111.6070 248.5291 14.19518277450065
NOAA 21 (JPSS-2)
1 54234U 22150A   26207.57621637  .00000059  00000+0  48686-4 0  9991
2 54234  98.7060 145.7040 0002945  84.4892 275.6620 14.19542694192135
TERRA
1 25994U 99068A   26207.61873091  .00000427  00000+0  95757-4 0  9992
2 25994  97.9435 255.5969 0003680 100.5581  59.3014 14.61131363415366
AQUA
1 27424U 02022A   26207.60670414  .00000860  00000+0  18082-3 0  9995
2 27424  98.4307 177.6838 0001435 101.4593 313.0998 14.62143241289031
AURA
1 28376U 04026A   26207.63028143  .00000861  00000+0  18377-3 0  9995
2 28376  98.3438 164.4164 0001479  93.3766 266.7604 14.61382523171975
LANDSAT 8
1 39084U 13008A   26207.57864105  .00000353  00000+0  88394-4 0  9995
2 39084  98.2283 277.2417 0001307  91.4804 268.6544 14.57100759703638
LANDSAT 9
1 49260U 21088A   26207.61309846  .00000369  00000+0  91996-4 0  9999
2 49260  98.2262 277.3091 0001096  96.9488 263.1835 14.57102359256740
SENTINEL-1A
1 39634U 14016A   26207.59049527  .00000209  00000+0  54015-4 0  9994
2 39634  98.1655 214.5380 0001442  83.2998 276.8366 14.59175361655763
SENTINEL-2A
1 40697U 15028A   26207.65527221  .00000243  00000+0  10933-3 0  9996
2 40697  98.5674 281.9432 0001364  94.3423 265.7916 14.30817747579374
SENTINEL-3A
1 41335U 16011A   26207.62952977  .00000112  00000+0  64257-4 0  9990
2 41335  98.6230 274.4423 0001242  86.9481 273.1841 14.26736985543680
SENTINEL-5P
1 42969U 17064A   26207.32152750  .00000046  00000+0  43045-4 0  9999
2 42969  98.7931 149.1764 0001238  91.9950 268.1367 14.19524881455110
ISS (ZARYA)
1 25544U 98067A   26207.41084145  .00010751  00000+0  20166-3 0  9995
2 25544  51.6317 105.9876 0006941 339.4731  20.5977 15.49181604577830
CSS (TIANHE)
1 48274U 21035A   26205.70067244  .00011455  00000+0  15064-3 0  9995
2 48274  41.4690  94.2105 0001495 308.5106  51.5598 15.58352000299028
HST
1 20580U 90037B   26207.58105962  .00006253  00000+0  19425-3 0  9996
2 20580  28.4720 171.2413 0001717 219.3471 140.7000 15.31162774794618
CYGFM05
1 41884U 16078A   26207.59871363  .00027563  00000+0  35033-3 0  9995
2 41884  34.9576 359.2805 0005520 162.7147 197.3767 15.58350798534905
CYGFM04
1 41885U 16078B   26207.63181460  .00035635  00000+0  36729-3 0  9995
2 41885  34.9331 324.6640 0004849 209.2667 150.7788 15.63735499535172
CYGFM02
1 41886U 16078C   26207.61571405  .00042052  00000+0  37757-3 0  9999
2 41886  34.9411 318.0751 0005470 210.1995 149.8418 15.67144909535351
LEGION 3
1 60452U 24146A   26207.60689668  .00004041  00000+0  22194-3 0  9999
2 60452  45.0000 179.2179 0006877  39.6459 320.4921 15.15719665108004
JASON-3
1 41240U 16002A   26207.61439376 -.00000032  00000+0  11935-3 0  9993
2 41240  66.0416  42.9429 0008110 269.7997  90.2092 12.87629107492320
SENTINEL-6A
1 46984U 20086A   26207.59190364 -.00000040  00000+0  93226-4 0  9991
2 46984  66.0409  53.2080 0007762 269.3168  90.6958 12.80930363265378
SWOT
1 54754U 22173A   26207.57388224  .00000029  00000+0  21043-4 0  9990
2 54754  77.6122 342.1377 0000169  68.7258 291.3912 14.00169562184667
SWARM B
1 39451U 13067A   26207.60743776  .00004032  00000+0  14302-3 0  9997
2 39451  87.7469 330.3437 0002251  94.5188 265.6319 15.28782644689263
SWARM A
1 39452U 13067B   26207.57341279  .00009775  00000+0  17271-3 0  9993
2 39452  87.3295  41.5950 0002697  74.4375 285.7184 15.50178074712358
TIMED
1 26998U 01055B   26207.28044133  .00001331  00000+0  12411-3 0  9996
2 26998  74.0679 156.3010 0002423 287.8264  72.2656 14.95366228336661
CRYOSAT 2
1 36508U 10013A   26207.64169209  .00000107  00000+0  25727-4 0  9995
2 36508  92.0351 286.8929 0002568  98.2993 261.8505 14.51900671863805
RESURS-DK 1
1 29228U 06021A   26207.49711266  .00002074  00000+0  12206-3 0  9991
2 29228  69.9299 237.7823 0007661 259.6801 100.3502 15.13354632108522
IRIDIUM 33
1 24946U 97051C   26207.33707955  .00000246  00000+0  79185-4 0  9998
2 24946  86.3905 333.5244 0007571 182.1056 178.0110 14.35162925510704
IRIDIUM 33 DEB
1 33773U 97051L   26207.35058326  .00001017  00000+0  29325-3 0  9996
2 33773  86.4041 324.9673 0013100 122.3088 237.9383 14.43707591916025
IRIDIUM 33 DEB
1 33775U 97051N   26207.61243266  .00001437  00000+0  43061-3 0  9995
2 33775  86.3651 313.0876 0014963 131.7875 293.9987 14.42115196913957
IRIDIUM 33 DEB
1 33776U 97051P   26207.39510301  .00000806  00000+0  25674-3 0  9997
2 33776  86.4070 345.9756 0014915 168.5545 216.3367 14.38583858913268
IRIDIUM 33 DEB
1 33777U 97051Q   26207.25737839  .00003555  00000+0  78463-3 0  9998
2 33777  86.3790 296.9954 0006082 196.7073 163.3936 14.57099663918161
IRIDIUM 33 DEB
1 33850U 97051T   26207.65772466  .00000964  00000+0  28314-3 0  9990
2 33850  86.3412 293.0016 0013526 136.9870 345.5051 14.42757443914094
IRIDIUM 33 DEB
1 33860U 97051AD  26207.50329942  .00005732  00000+0  93866-3 0  9994
2 33860  86.3814 287.0107 0005583 274.5905 144.8144 14.70625149920376
IRIDIUM 33 DEB
1 33862U 97051AF  26207.32918500  .00003811  00000+0  56786-3 0  9996
2 33862  86.4090 297.6512 0047241   8.6271  61.2898 14.73860253921426
IRIDIUM 33 DEB
1 33866U 97051AK  26207.38596019  .00004252  00000+0  16387-2 0  9995
2 33866  86.3026 357.4635 0114216 155.5452 234.5734 14.26545251900268
IRIDIUM 33 DEB
1 33953U 97051BN  26207.32389935  .00003435  00000+0  75230-3 0  9998
2 33953  86.3870 315.7190 0017941  65.2549 348.8912 14.57349658915873
IRIDIUM 33 DEB
1 33960U 97051BV  26207.38616206  .00014437  00000+0  13163-2 0  9996
2 33960  86.2566 182.1754 0004145  70.1197  81.7207 14.95018684922298
IRIDIUM 33 DEB
1 34071U 97051CE  26207.58991548  .00001778  00000+0  44936-3 0  9994
2 34071  86.3432 279.5759 0009785  81.3695 278.8618 14.50486947916079
IRIDIUM 33 DEB
1 34077U 97051CL  26207.55861986  .00007512  00000+0  12923-2 0  9991
2 34077  86.3862 311.7157 0007072 341.6365  30.4225 14.68484833916433
IRIDIUM 33 DEB
1 34079U 97051CN  26207.62117538  .00012845  00000+0  13112-2 0  9994
2 34079  86.3720 265.2467 0004202 233.9621 257.7268 14.90529718923352
IRIDIUM 33 DEB
1 34088U 97051CX  26207.20991581  .00036216  00000+0  24365-2 0  9996
2 34088  86.3749 285.7627 0005649 121.0980 267.9701 15.06564273921209
IRIDIUM 33 DEB
1 34521U 97051HN  26207.47762076  .00005058  00000+0  91667-3 0  9992
2 34521  86.3787 290.9208 0003409 172.8356 187.2906 14.66130106917776
COSMOS 2251 DEB
1 33757U 93036E   26207.66315742  .00000067  00000+0  34406-4 0  9990
2 33757  74.0363 271.1642 0015692 236.6653 244.4740 14.32631146912319
COSMOS 2251 DEB
1 33758U 93036F   26207.56687563  .00002933  00000+0  71609-3 0  9992
2 33758  74.0277 149.1041 0016330 170.1447   5.2999 14.53002296915834
COSMOS 2251 DEB
1 33760U 93036H   26207.18205897  .00000204  00000+0  79396-4 0  9990
2 33760  74.0296 227.6606 0021743 274.8223 155.0899 14.35796416913605
COSMOS 2251 DEB
1 33761U 93036J   26207.41594064  .00001180  00000+0  35830-3 0  9992
2 33761  74.0342 193.2255 0023990 225.4622 288.3620 14.43112077914895
COSMOS 2251 DEB
1 33762U 93036K   26207.59466187  .00000064  00000+0  32601-4 0  9990
2 33762  74.0402 257.0941 0016444 268.3283 210.3990 14.33725220912846
COSMOS 2251 DEB
1 33764U 93036M   26207.37424947  .00000765  00000+0  25090-3 0  9997
2 33764  74.0312 215.8525 0020604 127.2827 298.2318 14.39917802914046
COSMOS 2251 DEB
1 33765U 93036N   26207.64389488  .00056514  00000+0  20956-2 0  9996
2 33765  73.9995  59.7784 0050197  94.8083 265.8852 15.26138146930478
COSMOS 2251 DEB
1 33766U 93036P   26207.35339639  .00001119  00000+0  38804-3 0  9991
2 33766  74.1855  85.0269 0063686 224.2467 135.3585 14.35592072909829
COSMOS 2251 DEB
1 33768U 93036R   26207.39010594  .00000266  00000+0  25477-3 0  9997
2 33768  74.0665 215.6005 0368004 323.1866 142.7606 13.58628866863608
COSMOS 2251 DEB
1 33779U 93036U   26207.42105855  .00012512  00000+0  18398-2 0  9998
2 33779  74.0439  91.1241 0014704  77.1936  95.1967 14.75420618918514
COSMOS 2251 DEB
1 33819U 93036BL  26207.34397956  .00002003  00000+0  70917-3 0  9999
2 33819  74.1788 161.4862 0089663 318.3532 196.4358 14.32966105907263
COSMOS 2251 DEB
1 33821U 93036BN  26207.57216858  .00036753  00000+0  86941-3 0  9991
2 33821  74.0239  19.4415 0033261 352.4216   7.6485 15.41043669784622
COSMOS 2251 DEB
1 33822U 93036BP  26207.26992911  .00001737  00000+0  82701-3 0  9993
2 33822  74.0680 155.0630 0150561 147.5138   8.2576 14.14274800892415
COSMOS 2251 DEB
1 33823U 93036BQ  26207.50631963  .00000849  00000+0  49870-3 0  9991
2 33823  73.8096 113.4764 0208145 199.5580 336.2467 13.99418110887671
COSMOS 2251 DEB
1 33825U 93036BS  26207.65490563  .00005738  00000+0  85278-3 0  9992
2 33825  73.9837 307.0665 0076876 220.5513 251.3982 14.73207051922035
COSMOS 2251 DEB
1 33826U 93036BT  26207.37997786  .00001253  00000+0  28742-3 0  9992
2 33826  74.0641 344.6434 0083179 333.9813  56.2653 14.54560827910472
COSMOS 2251 DEB
1 33828U 93036BV  26207.63591616  .00001096  00000+0  32050-3 0  9997
2 33828  74.0454 177.7745 0029256 199.8872 275.2968 14.44949333915756
COSMOS 2251 DEB
1 33830U 93036BX  26207.60724560  .00004633  00000+0  61620-3 0  9998
2 33830  74.0312 146.5046 0042605 212.1428 323.0010 14.79385875928093
COSMOS 2251 DEB
1 33832U 93036BZ  26207.27864919  .00005038  00000+0  97674-3 0  9994
2 33832  74.0546 138.5590 0021783 118.3948  35.5146 14.63360625917213
COSMOS 2251 DEB
1 33835U 93036CC  26207.52490225  .00003190  00000+0  59934-3 0  9994
2 33835  74.0561  28.4946 0054651  23.2865   6.7932 14.64140757920925
COSMOS 2251 DEB
1 33836U 93036CD  26207.36498782  .00008551  00000+0  10373-2 0  9992
2 33836  73.9949 172.1945 0024426 318.4550 194.3116 14.83494319674300
COSMOS 2251 DEB
1 33837U 93036CE  26207.37600186  .00000987  00000+0  25424-3 0  9996
2 33837  74.0132 350.6265 0033703 158.0785 202.1826 14.51125351920684
COSMOS 2251 DEB
1 33838U 93036CF  26207.08667410  .00001001  00000+0  27028-3 0  9998
2 33838  74.0364  87.5620 0026535 154.5665 356.8835 14.48954781918324
COSMOS 2251 DEB
1 33839U 93036CG  26207.49566179  .00000900  00000+0  16556-3 0  9995
2 33839  74.0395 132.4519 0084081 188.2597 292.0766 14.64981798928853
COSMOS 2251 DEB
1 33911U 93036DQ  26206.79928642  .00008236  00000+0  10821-2 0  9993
2 33911  74.0894  81.4514 0009990 309.7280 170.1463 14.80341462919699
COSMOS 2251 DEB
1 33912U 93036DR  26207.51040853  .00002450  00000+0  59786-3 0  9990
2 33912  74.0337 123.9243 0010797 156.5329  18.0804 14.53157189917117
COSMOS 2251 DEB
1 33913U 93036DS  26207.51149987  .00001430  00000+0  37657-3 0  9999
2 33913  74.0339 120.3223 0047341 168.6735   6.0415 14.49303581917275
COSMOS 2251 DEB
1 33914U 93036DT  26207.43983366  .00000413  00000+0  34203-3 0  9992
2 33914  74.0905   3.0117 0303632  53.3910 338.3979 13.72256895871777
COSMOS 2251 DEB
1 33915U 93036DU  26207.36891346  .00000824  00000+0  27663-3 0  9999
2 33915  74.0439 340.3763 0106041  16.9046  13.7984 14.35653256909958
COSMOS 2251 DEB
1 33916U 93036DV  26207.59242110  .00000524  00000+0  43822-3 0  9996
2 33916  74.0509  29.4387 0324104 151.1467 278.0840 13.68794192869812
COSMOS 2251 DEB
1 33917U 93036DW  26207.18373490  .00000364  00000+0  29589-3 0  9994
2 33917  74.1053 112.5314 0333841 160.2406 201.2014 13.69925000868202
COSMOS 2251 DEB
1 33920U 93036DZ  26207.46925867  .00004901  00000+0  98893-3 0  9995
2 33920  74.0579 228.2598 0032124 186.7415 173.3324 14.61386400914090
