NOAA 15
1 25338U 98030A   26209.90096612  .00000117  00000+0  65373-4 0  9999
2 25338  98.5065 229.4059 0009424 219.9459 140.1030 14.27157729467242
NOAA 20 (JPSS-1)
1 43013U 17073A   26209.87014130  .00000056  00000+0  47659-4 0  9997
2 43013  98.7774 148.9639 0001800 108.7578 251.3794 14.19518666450388
NOAA 21 (JPSS-2)
1 54234U 22150A   26209.90221840  .00000035  00000+0  37432-4 0  9993
2 54234  98.7061 147.9909 0002930  80.5680 279.5827 14.19543067192463
TERRA
1 25994U 99068A   26209.92546659  .00000381  00000+0  86417-4 0  9997
2 25994  97.9432 257.8115 0003708  96.0974 310.1114 14.61133102415707
AQUA
1 27424U 02022A   26209.92795750  .00000740  00000+0  15699-3 0  9991
2 27424  98.4309 180.0523 0001485 101.0751 284.6984 14.62146517289373
AURA
1 28376U 04026A   26209.88975172  .00000727  00000+0  15669-3 0  9999
2 28376  98.3441 166.6954 0001514  92.8654 267.2719 14.61385611172302
LANDSAT 8
1 39084U 13008A   26209.91342114  .00000312  00000+0  79412-4 0  9992
2 39084  98.2281 279.5481 0001303  92.1809 267.9539 14.57102178703971
LANDSAT 9
1 49260U 21088A   26209.67319654  .00000310  00000+0  78790-4 0  9998
2 49260  98.2261 279.3436 0001081  99.4449 260.6872 14.57103556257040
SENTINEL-1A
1 39634U 14016A   26209.99053406 -.00000173  00000+0 -26965-4 0  9996
2 39634  98.1614 216.8987 0001407  82.6852 277.4507 14.59174688656114
SENTINEL-2A
1 40697U 15028A   26209.89303582  .00000065  00000+0  41429-4 0  9993
2 40697  98.5677 284.1485 0001365  94.3543 265.7795 14.30817273579698
SENTINEL-3A
1 41335U 16011A   26209.94381511  .00000091  00000+0  55449-4 0  9996
2 41335  98.6228 276.7226 0001220  87.1831 272.9489 14.26737482544017
SENTINEL-5P
1 42969U 17064A   26209.36561288  .00000042  00000+0  40886-4 0  9991
2 42969  98.7932 151.2061 0001241  91.3443 268.7875 14.19525148455409
ISS (ZARYA)
1 25544U 98067A   26209.86208808  .00009406  00000+0  17714-3 0  9990
2 25544  51.6322  93.8563 0007045 348.2689  11.8134 15.49235272578212
CSS (TIANHE)
1 48274U 21035A   26209.93015743  .00019856  00000+0  25605-3 0  9996
2 48274  41.4686  68.5615 0001104 300.0600  60.0128 15.58527940299689
HST
1 20580U 90037B   26209.92745156  .00006332  00000+0  19664-3 0  9994
2 20580  28.4726 155.1937 0001679 250.0143 110.0272 15.31190727794970
CYGFM05
1 41884U 16078A   26209.77671585  .00027328  00000+0  34580-3 0  9996
2 41884  34.9580 344.8210 0005752 184.7650 175.3021 15.58468550535243
CYGFM04
1 41885U 16078B   26209.67460935  .00034761  00000+0  35634-3 0  9991
2 41885  34.9330 310.9884 0005008 227.5775 132.4528 15.63875051535493
CYGFM02
1 41886U 16078C   26209.65403803  .00041597  00000+0  37098-3 0  9992
2 41886  34.9410 304.3610 0005604 228.9480 131.0763 15.67311269535673
LEGION 3
1 60452U 24146A   26209.91361795  .00003814  00000+0  21017-3 0  9993
2 60452  45.0001 166.8524 0006660  54.3223 305.8274 15.15738147108356
JASON-3
1 41240U 16002A   26209.94448706 -.00000024  00000+0  15188-3 0  9993
2 41240  66.0417  38.0437 0008102 269.4960  90.5131 12.87629268492622
SENTINEL-6A
1 46984U 20086A   26209.93418100 -.00000046  00000+0  65978-4 0  9991
2 46984  66.0410  48.3427 0007758 269.4089  90.6037 12.80930382265670
SWOT
1 54754U 22173A   26209.93187355 -.00000022  00000+0 -13187-4 0  9999
2 54754  77.6124 338.9550 0000137  58.3859 301.7306 14.00169684184996
SWARM B
1 39451U 13067A   26209.89842542  .00003631  00000+0  12859-3 0  9990
2 39451  87.7476 329.6483 0002285  96.9115 263.2394 15.28798584689612
SWARM A
1 39452U 13067B   26209.89733836  .00010091  00000+0  17803-3 0  9998
2 39452  87.3291  40.7312 0002543  74.5137 285.6404 15.50222392712711
TIMED
1 26998U 01055B   26209.82270163  .00001227  00000+0  11474-3 0  9994
2 26998  74.0680 151.1820 0002436 285.0910  75.0005 14.95372209337045
CRYOSAT 2
1 36508U 10013A   26209.91605599  .00000120  00000+0  29172-4 0  9997
2 36508  92.0350 287.4456 0002623  97.6280 262.5225 14.51901048864133
RESURS-DK 1
1 29228U 06021A   26209.81051034  .00001997  00000+0  11776-3 0  9993
2 29228  69.9301 231.7922 0007688 257.7244 102.3061 15.13363695108878
IRIDIUM 33
1 24946U 97051C   26209.42875916  .00000226  00000+0  72282-4 0  9992
2 24946  86.3908 332.6471 0007834 175.3970 184.7300 14.35163692511001
IRIDIUM 33 DEB
1 33773U 97051L   26209.36058156  .00000945  00000+0  27219-3 0  9999
2 33773  86.4042 324.1156 0013219 116.6114 243.6444 14.43710949916316
IRIDIUM 33 DEB
1 33775U 97051N   26209.78239100  .00001288  00000+0  38524-3 0  9999
2 33775  86.3652 312.1608 0015099 125.6636  38.5557 14.42120005914265
IRIDIUM 33 DEB
1 33776U 97051P   26209.85588184  .00000729  00000+0  23169-3 0  9995
2 33776  86.4073 344.9423 0015213 160.9651 359.9833 14.38587060913617
IRIDIUM 33 DEB
1 33777U 97051Q   26209.72962455  .00003519  00000+0  77648-3 0  9990
2 33777  86.3789 295.9180 0006392 188.2254 171.8850 14.57115885918524
IRIDIUM 33 DEB
1 33850U 97051T   26209.67643270  .00000898  00000+0  26335-3 0  9991
2 33850  86.3411 292.1328 0013682 131.1769  29.6717 14.42760647914387
IRIDIUM 33 DEB
1 33860U 97051AD  26209.97463898  .00005502  00000+0  90044-3 0  9996
2 33860  86.3814 285.9111 0005723 262.3847 272.4688 14.70650561920731
IRIDIUM 33 DEB
1 33862U 97051AF  26209.72097747  .00003609  00000+0  53757-3 0  9993
2 33862  86.4092 296.5895 0046845   0.1457 152.1161 14.73875712921779
IRIDIUM 33 DEB
1 33866U 97051AK  26209.86470324  .00004287  00000+0  16514-2 0  9990
2 33866  86.3033 356.4129 0114453 147.6748   4.2870 14.26565183900614
IRIDIUM 33 DEB
1 33953U 97051BN  26209.74576032  .00003209  00000+0  70233-3 0  9999
2 33953  86.3874 314.6652 0017714  57.8846  94.3092 14.57363874916221
IRIDIUM 33 DEB
1 33960U 97051BV  26209.39411659  .00015880  00000+0  14457-2 0  9994
2 33960  86.2566 181.2155 0004055  70.1582  81.6154 14.95076116922598
IRIDIUM 33 DEB
1 34071U 97051CE  26209.93545417  .00001546  00000+0  38981-3 0  9991
2 34071  86.3430 278.5545 0009658  75.3494 284.8781 14.50493360916411
IRIDIUM 33 DEB
1 34077U 97051CL  26209.76589850  .00007386  00000+0  12697-2 0  9990
2 34077  86.3867 310.7380 0006855 332.0694 181.3711 14.68515218916755
IRIDIUM 33 DEB
1 34079U 97051CN  26209.91150139  .00012910  00000+0  13161-2 0  9999
2 34079  86.3713 264.1925 0004516 223.9381 309.4619 14.90583845923694
IRIDIUM 33 DEB
1 34088U 97051CX  26209.69148969  .00036728  00000+0  24592-2 0  9995
2 34088  86.3743 284.5925 0005497 113.2581  46.6339 15.06740703921575
IRIDIUM 33 DEB
1 34521U 97051HN  26209.66164585  .00004973  00000+0  90076-3 0  9994
2 34521  86.3785 289.9551 0003690 167.3173 192.8134 14.66150025918094
COSMOS 2251 DEB
1 33757U 93036E   26209.90779692  .00000065  00000+0  33319-4 0  9997
2 33757  74.0360 267.0662 0015634 232.3034 300.8622 14.32631481912637
COSMOS 2251 DEB
1 33758U 93036F   26209.81122587  .00002763  00000+0  67471-3 0  9995
2 33758  74.0281 144.8675 0016284 165.0750 225.3838 14.53013727916167
COSMOS 2251 DEB
1 33760U 93036H   26209.49883404  .00000181  00000+0  71354-4 0  9992
2 33760  74.0296 223.4076 0021757 270.2466 249.9591 14.35797291913934
COSMOS 2251 DEB
1 33761U 93036J   26209.42793060  .00001072  00000+0  32629-3 0  9995
2 33761  74.0347 189.4892 0023899 221.2581 301.0421 14.43115810915183
COSMOS 2251 DEB
1 33762U 93036K   26209.82727147  .00000067  00000+0  33470-4 0  9992
2 33762  74.0400 253.0120 0016446 263.9974 213.5205 14.33725546913160
COSMOS 2251 DEB
1 33764U 93036M   26209.47553964  .00000709  00000+0  23315-3 0  9998
2 33764  74.0313 211.9696 0020555 122.7041  30.8911 14.39920546914347
COSMOS 2251 DEB
1 33765U 93036N   26209.54480900  .00056385  00000+0  20781-2 0  9990
2 33765  73.9986  55.7464 0049836  90.0097 270.6814 15.26355342930763
COSMOS 2251 DEB
1 33766U 93036P   26209.93178434  .00001013  00000+0  35198-3 0  9997
2 33766  74.1852  80.3394 0063603 218.8340 140.8235 14.35596896910194
COSMOS 2251 DEB
1 33768U 93036R   26209.46160235  .00000251  00000+0  24161-3 0  9998
2 33768  74.0666 212.2558 0368027 319.3891 194.5811 13.58629959863882
COSMOS 2251 DEB
1 33779U 93036U   26209.63147174  .00012403  00000+0  18217-2 0  9992
2 33779  74.0437  86.8036 0014748  72.2124 316.1216 14.75473217918840
COSMOS 2251 DEB
1 33819U 93036BL  26209.83260852  .00001878  00000+0  66523-3 0  9996
2 33819  74.1799 156.9795 0089636 313.2421  74.4154 14.32974994907624
COSMOS 2251 DEB
1 33821U 93036BN  26209.84422697  .00039691  00000+0  93264-3 0  9993
2 33821  74.0243  14.5186 0033578 346.5695  13.4616 15.41218587784976
COSMOS 2251 DEB
1 33822U 93036BP  26209.32146463  .00001587  00000+0  75642-3 0  9994
2 33822  74.0681 151.4342 0150580 143.3189  13.5140 14.14281048892707
COSMOS 2251 DEB
1 33823U 93036BQ  26209.69291657  .00000860  00000+0  50481-3 0  9998
2 33823  73.8093 109.6412 0208079 195.3149 192.1559 13.99421493887989
COSMOS 2251 DEB
1 33825U 93036BS  26209.96551249  .00005844  00000+0  86800-3 0  9997
2 33825  73.9841 302.5492 0076749 215.5691 265.8163 14.73233351922378
COSMOS 2251 DEB
1 33826U 93036BT  26209.81053368  .00001181  00000+0  27132-3 0  9994
2 33826  74.0643 340.0530 0083279 328.7232 183.7330 14.54566123910821
COSMOS 2251 DEB
1 33828U 93036BV  26209.37546940  .00001014  00000+0  29700-3 0  9998
2 33828  74.0456 174.5367 0029181 196.2010 324.1584 14.44952536916001
COSMOS 2251 DEB
1 33830U 93036BX  26209.81170670  .00004545  00000+0  60436-3 0  9996
2 33830  74.0317 142.1656 0042532 207.2608 183.5330 14.79404414928423
COSMOS 2251 DEB
1 33832U 93036BZ  26209.78477411  .00005133  00000+0  99450-3 0  9999
2 33832  74.0550 133.7570 0021822 112.6810 278.3903 14.63384673917589
COSMOS 2251 DEB
1 33835U 93036CC  26209.93935774  .00002737  00000+0  51501-3 0  9992
2 33835  74.0560  23.8617 0054700  17.9530 133.2825 14.64152728921279
COSMOS 2251 DEB
1 33836U 93036CD  26209.58416959  .00009074  00000+0  10993-2 0  9993
2 33836  73.9954 167.7885 0024403 313.6127 166.0545 14.83532352674639
COSMOS 2251 DEB
1 33837U 93036CE  26209.78890846  .00000910  00000+0  23477-3 0  9999
2 33837  74.0135 346.0809 0033590 152.8975 207.3949 14.51129446921039
COSMOS 2251 DEB
1 33838U 93036CF  26209.61823630  .00001039  00000+0  28013-3 0  9993
2 33838  74.0360  82.8162 0026473 149.0503 242.2774 14.48960129918693
COSMOS 2251 DEB
1 33839U 93036CG  26209.79960571  .00000844  00000+0  15558-3 0  9992
2 33839  74.0394 128.0213 0083978 183.2432 202.9338 14.64985382929197
COSMOS 2251 DEB
1 33911U 93036DQ  26209.77292132  .00009041  00000+0  11857-2 0  9997
2 33911  74.0889  75.6095 0009986 303.2758 177.3942 14.80393750920135
COSMOS 2251 DEB
1 33912U 93036DR  26209.75483191  .00002284  00000+0  55782-3 0  9991
2 33912  74.0347 119.6882 0010722 151.2658 239.9813 14.53166319917449
COSMOS 2251 DEB
1 33913U 93036DS  26209.76177639  .00001326  00000+0  34965-3 0  9996
2 33913  74.0338 116.1011 0047272 163.8321 226.9226 14.49308949917606
COSMOS 2251 DEB
1 33914U 93036DT  26209.40807877  .00000365  00000+0  30401-3 0  9995
2 33914  74.0907 359.7663 0303620  49.6790 341.7908 13.72258387872046
COSMOS 2251 DEB
1 33915U 93036DU  26209.83303557  .00000745  00000+0  25103-3 0  9994
2 33915  74.0440 335.8562 0106120  11.7473 149.2964 14.35656794910305
COSMOS 2251 DEB
1 33916U 93036DV  26209.94351876  .00000473  00000+0  39719-3 0  9990
2 33916  74.0511  25.5744 0324068 146.7629 343.5003 13.68796333870133
COSMOS 2251 DEB
1 33917U 93036DW  26209.66662512  .00000406  00000+0  32797-3 0  9997
2 33917  74.1051 108.4560 0333768 155.5730 206.1628 13.69927016868543
COSMOS 2251 DEB
1 33920U 93036DZ  26209.45448717  .00005207  00000+0  10497-2 0  9993
2 33920  74.0574 224.4684 0032051 182.5255 177.5755 14.61405682914384
