NOAA 15
1 25338U 98030A   26200.29597030  .00000027  00000+0  28557-4 0  9995
2 25338  98.5064 220.0605 0009065 251.1192 108.9006 14.27155067465873
NOAA 20 (JPSS-1)
1 43013U 17073A   26200.28403401  .00000021  00000+0  31028-4 0  9991
2 43013  98.7772 139.4624 0001534 120.0913 240.0415 14.19516933449028
NOAA 21 (JPSS-2)
1 54234U 22150A   26200.24578065  .00000002  00000+0  21658-4 0  9992
2 54234  98.7059 138.4966 0002902  97.3634 262.7872 14.19541427191092
TERRA
1 25994U 99068A   26200.27316722  .00000163  00000+0  42191-4 0  9991
2 25994  97.9438 248.5443 0003555 114.9038 309.9464 14.61125488414290
AQUA
1 27424U 02022A   26200.29386193  .00000333  00000+0  76148-4 0  9994
2 27424  98.4299 170.2228 0001269 101.7289   3.0103 14.62131777287968
AURA
1 28376U 04026A   26200.23561157  .00000338  00000+0  78060-4 0  9996
2 28376  98.3432 156.9583 0001380  94.1342 266.0016 14.61370995170890
LANDSAT 8
1 39084U 13008A   26200.23093374  .00000150  00000+0  43473-4 0  9997
2 39084  98.2287 269.9832 0001343  91.7224 268.4128 14.57095851702563
LANDSAT 9
1 49260U 21088A   26200.19672802  .00000146  00000+0  42439-4 0  9991
2 49260  98.2266 269.9842 0001091  91.3209 268.8115 14.57097126255668
SENTINEL-1A
1 39634U 14016A   26200.32180054  .00000055  00000+0  21313-4 0  9993
2 39634  98.1732 207.3846 0001452  82.6652 277.4713 14.59173784654700
SENTINEL-2A
1 40697U 15028A   26200.31260709  .00000083  00000+0  48485-4 0  9993
2 40697  98.5672 274.7066 0001305  96.4214 263.7118 14.30815446578321
SENTINEL-3A
1 41335U 16011A   26200.26589979  .00000040  00000+0  34464-4 0  9998
2 41335  98.6234 267.1862 0001318  89.1446 270.9885 14.26740492542635
SENTINEL-5P
1 42969U 17064A   26200.27295346  .00000003  00000+0  22559-4 0  9995
2 42969  98.7929 142.1773 0001171  93.9960 266.1350 14.19523651454112
ISS (ZARYA)
1 25544U 98067A   26200.18563955  .00004087  00000+0  82168-4 0  9999
2 25544  51.6318 141.7399 0006797 313.2287  46.8133 15.49047695576716
CSS (TIANHE)
1 48274U 21035A   26200.18885985  .00010864  00000+0  14396-3 0  9992
2 48274  41.4684 127.6260 0002038 305.5531  54.5117 15.58190352298161
HST
1 20580U 90037B   26200.21572411  .00003033  00000+0  90734-4 0  9992
2 20580  28.4722 221.6112 0002141 143.1393 216.9350 15.31084186793483
CYGFM05
1 41884U 16078A   26200.29479501  .00015181  00000+0  19629-3 0  9999
2 41884  34.9570  47.7531 0005345  82.1082 278.0249 15.57981690533767
CYGFM04
1 41885U 16078B   26199.84197242  .00020600  00000+0  21725-3 0  9999
2 41885  34.9330  16.7903 0004169 127.9660 232.1443 15.63234226533955
CYGFM02
1 41886U 16078C   26199.84260715  .00025345  00000+0  23388-3 0  9994
2 41886  34.9411  10.3456 0004900 129.8285 230.2874 15.66548596534135
LEGION 3
1 60452U 24146A   26200.22519204  .00001127  00000+0  71905-4 0  9995
2 60452  45.0014 218.7870 0007812 356.0076   4.0739 15.15667826106884
JASON-3
1 41240U 16002A   26200.23576324 -.00000044  00000+0  70389-4 0  9991
2 41240  66.0416  58.4570 0008144 270.5868  89.4217 12.87628853491373
SENTINEL-6A
1 46984U 20086A   26200.01853982 -.00000058  00000+0  14563-4 0  9999
2 46984  66.0411  68.9392 0007785 269.7181  90.2942 12.80930206264402
SWOT
1 54754U 22173A   26200.21409969 -.00000029  00000+0 -18107-4 0  9993
2 54754  77.6115 352.0725 0000238  66.7338 293.3839 14.00172496183636
SWARM B
1 39451U 13067A   26200.27610933  .00001934  00000+0  67992-4 0  9993
2 39451  87.7464 332.5693 0002218  86.3353 273.8150 15.28732667688142
SWARM A
1 39452U 13067B   26200.28103658  .00005600  00000+0  94050-4 0  9995
2 39452  87.3299  44.3056 0003344  92.2781 267.8863 15.51505516711225
TIMED
1 26998U 01055B   26200.05500985  .00000531  00000+0  51774-4 0  9993
2 26998  74.0668 170.8498 0002323 296.3887  63.7059 14.95349095335580
CRYOSAT 2
1 36508U 10013A   26200.26723585  .00000075  00000+0  17970-4 0  9994
2 36508  92.0356 285.1004 0002443  98.8336 261.3148 14.51899212862732
RESURS-DK 1
1 29228U 06021A   26200.22634253  .00000890  00000+0  55964-4 0  9998
2 29228  69.9302 256.6083 0007351 266.6194  93.4131 15.13327135107420
IRIDIUM 33
1 24946U 97051C   26199.87674619  .00000129  00000+0  38186-4 0  9993
2 24946  86.3899 336.6542 0006657 208.2749 151.8087 14.35159937509635
IRIDIUM 33 DEB
1 33773U 97051L   26200.28089173  .00000416  00000+0  11637-3 0  9994
2 33773  86.4037 327.9628 0012587 142.2367 217.9719 14.43695037915001
IRIDIUM 33 DEB
1 33775U 97051N   26200.31793697  .00000668  00000+0  19712-3 0  9994
2 33775  86.3650 316.2033 0014342 152.7136 227.2263 14.42097124912901
IRIDIUM 33 DEB
1 33776U 97051P   26200.18977336  .00000384  00000+0  11885-3 0  9992
2 33776  86.4062 349.0014 0014005 192.0052 341.0145 14.38574258912225
IRIDIUM 33 DEB
1 33777U 97051Q   26200.25252909  .00001758  00000+0  38597-3 0  9998
2 33777  86.3790 300.0488 0005245 224.8946 135.1839 14.57055151917142
IRIDIUM 33 DEB
1 33850U 97051T   26200.21834089  .00000506  00000+0  14580-3 0  9997
2 33850  86.3416 296.2030 0012770 158.9097 228.7489 14.42745380913020
IRIDIUM 33 DEB
1 33860U 97051AD  26200.21682289  .00002585  00000+0  42204-3 0  9994
2 33860  86.3813 290.2538 0005668 311.9795  77.2816 14.70549861919308
IRIDIUM 33 DEB
1 33862U 97051AF  26200.26054845  .00001989  00000+0  29453-3 0  9990
2 33862  86.4089 300.7896 0048394  33.1159 356.6265 14.73809839920389
IRIDIUM 33 DEB
1 33866U 97051AK  26200.18968468  .00002012  00000+0  77351-3 0  9998
2 33866  86.3022   0.5135 0113339 178.5066 358.6206 14.26492115899232
IRIDIUM 33 DEB
1 33953U 97051BN  26200.31554583  .00001465  00000+0  31826-3 0  9997
2 33953  86.3868 318.7685 0018376  86.0789 303.3480 14.57307666914858
IRIDIUM 33 DEB
1 33960U 97051BV  26200.00623589  .00006172  00000+0  56452-3 0  9996
2 33960  86.2572 185.7033 0004557  76.4923 345.4096 14.94829959921195
IRIDIUM 33 DEB
1 34071U 97051CE  26200.20828590  .00000840  00000+0  20952-3 0  9993
2 34071  86.3437 282.7900 0009938 100.3374 259.8952 14.50464378915000
IRIDIUM 33 DEB
1 34077U 97051CL  26200.27015944  .00003265  00000+0  56089-3 0  9991
2 34077  86.3862 314.9449 0008058  10.5334  17.2756 14.68386894915366
IRIDIUM 33 DEB
1 34079U 97051CN  26200.22248238  .00006240  00000+0  63895-3 0  9991
2 34079  86.3715 268.6525 0003445 274.5105 145.4856 14.90350432922253
IRIDIUM 33 DEB
1 34088U 97051CX  26200.23944863  .00015974  00000+0  10900-2 0  9991
2 34088  86.3758 289.0489 0005937 143.3228 272.4071 15.06098500920153
IRIDIUM 33 DEB
1 34521U 97051HN  26200.24281702  .00002314  00000+0  41794-3 0  9990
2 34521  86.3785 294.1206 0002442 194.8373 165.2770 14.66064659916714
COSMOS 2251 DEB
1 33757U 93036E   26200.24371103  .00000027  00000+0  19373-4 0  9992
2 33757  74.0373 284.7091 0015808 250.9805 139.9273 14.32630054911253
COSMOS 2251 DEB
1 33758U 93036F   26200.24737447  .00001267  00000+0  31348-3 0  9992
2 33758  74.0265 162.9210 0016584 186.4604 238.2450 14.52965366914775
COSMOS 2251 DEB
1 33760U 93036H   26200.21303837  .00000072  00000+0  34044-4 0  9994
2 33760  74.0300 240.4538 0021659 288.5431 133.9415 14.35793925912607
COSMOS 2251 DEB
1 33761U 93036J   26200.12068971  .00000477  00000+0  14958-3 0  9992
2 33761  74.0336 206.7733 0024174 240.2369 188.8335 14.43097310913840
COSMOS 2251 DEB
1 33762U 93036K   26200.25601912  .00000018  00000+0  16026-4 0  9995
2 33762  74.0412 270.5120 0016395 282.4704 133.7270 14.33724222911799
COSMOS 2251 DEB
1 33764U 93036M   26200.21914709  .00000309  00000+0  10638-3 0  9999
2 33764  74.0313 229.0740 0020823 142.6994 287.9843 14.39908392913010
COSMOS 2251 DEB
1 33765U 93036N   26200.10330949  .00021281  00000+0  80904-3 0  9991
2 33765  73.9990  75.7601 0051914 112.8553 247.8141 15.25436177929327
COSMOS 2251 DEB
1 33766U 93036P   26200.17567642  .00000550  00000+0  19517-3 0  9999
2 33766  74.1859  98.0752 0063939 239.3252 120.1590 14.35577771908796
COSMOS 2251 DEB
1 33768U 93036R   26200.24004041  .00000051  00000+0  64807-4 0  9997
2 33768  74.0664 227.1451 0367831 336.3133  91.3821 13.58625713862638
COSMOS 2251 DEB
1 33779U 93036U   26200.23151742  .00006145  00000+0  91061-3 0  9990
2 33779  74.0432 105.1745 0014367  92.7850  70.5773 14.75249071917451
COSMOS 2251 DEB
1 33819U 93036BL  26200.19529763  .00000899  00000+0  32355-3 0  9993
2 33819  74.1779 174.4318 0089600 333.1562  39.1951 14.32940323906245
COSMOS 2251 DEB
1 33821U 93036BN  26199.91021997  .00021843  00000+0  52789-3 0  9994
2 33821  74.0241  36.0309 0032824  12.1651 348.0342 15.40508206783444
COSMOS 2251 DEB
1 33822U 93036BP  26199.96503527  .00001122  00000+0  53812-3 0  9990
2 33822  74.0674 167.9840 0150761 162.3740 256.3731 14.14253015891388
COSMOS 2251 DEB
1 33823U 93036BQ  26200.21034704  .00000514  00000+0  30790-3 0  9992
2 33823  73.8097 126.2723 0208440 213.6782 299.9207 13.99406860886652
COSMOS 2251 DEB
1 33825U 93036BS  26200.30458759  .00002167  00000+0  32626-3 0  9990
2 33825  73.9838 321.4378 0077016 236.3727 150.0793 14.73132400920955
COSMOS 2251 DEB
1 33826U 93036BT  26199.90662331  .00000681  00000+0  15940-3 0  9996
2 33826  74.0637 358.7580 0083027 350.2421 162.6803 14.54545471909389
COSMOS 2251 DEB
1 33828U 93036BV  26200.15275028  .00000482  00000+0  14522-3 0  9995
2 33828  74.0445 191.7032 0029553 215.5630 229.5695 14.44935078914679
COSMOS 2251 DEB
1 33830U 93036BX  26200.22785938  .00001994  00000+0  26852-3 0  9990
2 33830  74.0308 161.0289 0042885 228.5081 262.9125 14.79324579927007
COSMOS 2251 DEB
1 33832U 93036BZ  26200.30464766  .00002387  00000+0  46677-3 0  9998
2 33832  74.0540 151.9216 0021757 134.2171  16.0217 14.63296490916194
COSMOS 2251 DEB
1 33835U 93036CC  26200.02661741  .00001559  00000+0  29628-3 0  9999
2 33835  74.0550  42.8809 0054530  39.7879  84.4915 14.64098897919822
COSMOS 2251 DEB
1 33836U 93036CD  26200.06746156  .00003681  00000+0  45064-3 0  9998
2 33836  73.9948 186.6816 0024401 334.3099 103.3934 14.83382778673227
COSMOS 2251 DEB
1 33837U 93036CE  26199.86147340  .00000389  00000+0  10448-3 0  9994
2 33837  74.0124   4.7837 0034007 174.0540 186.1032 14.51112641919598
COSMOS 2251 DEB
1 33838U 93036CF  26200.18247013  .00000480  00000+0  13345-3 0  9992
2 33838  74.0369 100.5040 0026734 169.5522 342.7617 14.48942053917320
COSMOS 2251 DEB
1 33839U 93036CG  26199.90355993  .00000343  00000+0  66792-4 0  9990
2 33839  74.0389 147.0518 0084420 204.7471 212.0685 14.64970068927746
COSMOS 2251 DEB
1 33911U 93036DQ  26199.90724872  .00004394  00000+0  58122-3 0  9994
2 33911  74.0889  94.9885 0010073 324.1262 163.4741 14.80230219918676
COSMOS 2251 DEB
1 33912U 93036DR  26200.27725257  .00001078  00000+0  26722-3 0  9993
2 33912  74.0335 137.5760 0010980 173.0211 338.2152 14.53125959916064
COSMOS 2251 DEB
1 33913U 93036DS  26200.26078269  .00000655  00000+0  17659-3 0  9996
2 33913  74.0336 133.9234 0047584 184.2467 335.5676 14.49285322916224
COSMOS 2251 DEB
1 33914U 93036DT  26199.94848994  .00000180  00000+0  15784-3 0  9999
2 33914  74.0898  15.3646 0303582  67.5192  50.2727 13.72250922870746
COSMOS 2251 DEB
1 33915U 93036DU  26200.22014154  .00000376  00000+0  13100-3 0  9994
2 33915  74.0432 353.4896 0105908  31.8865 146.4670 14.35642619908922
COSMOS 2251 DEB
1 33916U 93036DV  26200.00918615  .00000233  00000+0  20438-3 0  9990
2 33916  74.0506  41.9031 0324206 165.2951 350.5864 13.68787262868777
COSMOS 2251 DEB
1 33917U 93036DW  26200.17319461  .00000219  00000+0  18448-3 0  9995
2 33917  74.1054 124.0380 0334063 173.4167 187.1512 13.69920613867244
COSMOS 2251 DEB
1 33920U 93036DZ  26200.14423023  .00002097  00000+0  42750-3 0  9995
2 33920  74.0579 242.2485 0032384 202.1684 157.8085 14.61322699913023
