NOAA 15
1 25338U 98030A   26198.96388982  .00000034  00000+0  31409-4 0  9997
2 25338  98.5064 218.7645 0009034 255.5877 104.4301 14.27154863465686
NOAA 20 (JPSS-1)
1 43013U 17073A   26198.87431143  .00000023  00000+0  32041-4 0  9994
2 43013  98.7772 138.0652 0001489 121.5711 238.5610 14.19516763448822
NOAA 21 (JPSS-2)
1 54234U 22150A   26198.90656566 -.00000001  00000+0  20321-4 0  9990
2 54234  98.7059 137.1799 0002873  99.9294 260.2206 14.19541282190901
TERRA
1 25994U 99068A   26198.91099444  .00000158  00000+0  41180-4 0  9998
2 25994  97.9439 247.2365 0003512 117.4238 346.6126 14.61124864414091
AQUA
1 27424U 02022A   26198.90991753  .00000351  00000+0  79553-4 0  9995
2 27424  98.4298 168.8109 0001235 101.5647 282.8474 14.62130787287763
AURA
1 28376U 04026A   26198.93469236  .00000352  00000+0  80875-4 0  9997
2 28376  98.3432 155.6463 0001357  93.6588 266.4768 14.61370045170707
LANDSAT 8
1 39084U 13008A   26198.92619863  .00000101  00000+0  32451-4 0  9996
2 39084  98.2288 268.6942 0001362  91.2392 268.8963 14.57095193702373
LANDSAT 9
1 49260U 21088A   26198.82332373  .00000154  00000+0  44348-4 0  9993
2 49260  98.2268 268.6277 0001117  90.1199 270.0127 14.57096586255467
SENTINEL-1A
1 39634U 14016A   26198.60748559  .00000020  00000+0  14006-4 0  9993
2 39634  98.1738 205.6947 0001510  77.7211 282.4158 14.59175806654458
SENTINEL-2A
1 40697U 15028A   26198.91400405 -.00000152  00000+0 -41527-4 0  9993
2 40697  98.5677 273.3278 0001303  94.5393 265.5939 14.30814033578121
SENTINEL-3A
1 41335U 16011A   26198.93343549  .00000040  00000+0  34744-4 0  9990
2 41335  98.6235 265.8732 0001334  89.4056 270.7277 14.26740239542446
SENTINEL-5P
1 42969U 17064A   26198.86323805  .00000009  00000+0  25401-4 0  9993
2 42969  98.7929 140.7776 0001161  94.1328 265.9981 14.19523493453917
ISS (ZARYA)
1 25544U 98067A   26198.83085672  .00003846  00000+0  77850-4 0  9996
2 25544  51.6316 148.4431 0006791 307.8623  52.1750 15.49035972576509
CSS (TIANHE)
1 48274U 21035A   26198.52240887  .00001129  00000+0  18813-4 0  9995
2 48274  41.4691 137.7269 0001921 301.5742  58.4908 15.58143309297902
HST
1 20580U 90037B   26198.78172768  .00003062  00000+0  91664-4 0  9996
2 20580  28.4720 231.4172 0002181 129.0491 231.0299 15.31075985793265
CYGFM05
1 41884U 16078A   26198.94916846  .00015584  00000+0  20178-3 0  9993
2 41884  34.9569  56.6818 0005502  66.5453 293.5850 15.57940504533551
CYGFM04
1 41885U 16078B   26198.88405001  .00021075  00000+0  22258-3 0  9996
2 41885  34.9329  23.1976 0004121 116.7383 243.3765 15.63194228533803
CYGFM02
1 41886U 16078C   26198.88671311  .00025902  00000+0  23946-3 0  9994
2 41886  34.9411  16.7705 0004866 119.2555 240.8659 15.66500155533985
LEGION 3
1 60452U 24146A   26198.90700994  .00001168  00000+0  74029-4 0  9999
2 60452  45.0016 225.8528 0007959 348.7581  11.3118 15.15663952106682
JASON-3
1 41240U 16002A   26198.91537668 -.00000038  00000+0  97149-4 0  9996
2 41240  66.0416  61.2332 0008155 270.6474  89.3610 12.87628772491205
SENTINEL-6A
1 46984U 20086A   26198.92547703 -.00000047  00000+0  62706-4 0  9996
2 46984  66.0412  71.2096 0007775 269.6881  90.3243 12.80930208264267
SWOT
1 54754U 22173A   26198.92792498 -.00000042  00000+0 -26864-4 0  9993
2 54754  77.6113 353.8088 0000234  67.6275 292.4902 14.00172474183458
SWARM B
1 39451U 13067A   26198.90146253  .00001927  00000+0  67753-4 0  9995
2 39451  87.7463 332.9866 0002241  85.0915 275.0590 15.28727502687933
SWARM A
1 39452U 13067B   26198.79754739  .00005840  00000+0  98169-4 0  9990
2 39452  87.3296  44.8578 0003336  92.4588 267.7055 15.51489199710997
TIMED
1 26998U 01055B   26198.91766750  .00000547  00000+0  53213-4 0  9995
2 26998  74.0666 173.1400 0002287 297.9708  62.1245 14.95347730335411
CRYOSAT 2
1 36508U 10013A   26198.95775236  .00000099  00000+0  23960-4 0  9998
2 36508  92.0358 284.7821 0002428  98.8033 261.3450 14.51898984862543
RESURS-DK 1
1 29228U 06021A   26198.90437258  .00000894  00000+0  56144-4 0  9990
2 29228  69.9304 260.0312 0007256 268.0232  92.0103 15.13324459107227
IRIDIUM 33
1 24946U 97051C   26198.90062694  .00000128  00000+0  37897-4 0  9997
2 24946  86.3898 337.0638 0006541 212.0100 148.0700 14.35159760509499
IRIDIUM 33 DEB
1 33773U 97051L   26198.82536024  .00000424  00000+0  11877-3 0  9997
2 33773  86.4036 328.5797 0012434 146.5034 213.6956 14.43693984914793
IRIDIUM 33 DEB
1 33775U 97051N   26198.81153028  .00000645  00000+0  18999-3 0  9994
2 33775  86.3650 316.8469 0014173 157.1551 327.1827 14.42095070912681
IRIDIUM 33 DEB
1 33776U 97051P   26198.92700047  .00000364  00000+0  11230-3 0  9995
2 33776  86.4061 349.5319 0013814 196.3131 281.1259 14.38573284912047
IRIDIUM 33 DEB
1 33777U 97051Q   26198.81033216  .00001721  00000+0  37780-3 0  9997
2 33777  86.3791 300.6773 0005112 231.2353 128.8399 14.57049763916931
IRIDIUM 33 DEB
1 33850U 97051T   26198.27485646  .00000548  00000+0  15844-3 0  9990
2 33850  86.3416 297.0392 0012529 164.6749 215.1857 14.42743678912745
IRIDIUM 33 DEB
1 33860U 97051AD  26198.51278840  .00002630  00000+0  42950-3 0  9996
2 33860  86.3816 291.0119 0005809 320.0012  54.0557 14.70540662919052
IRIDIUM 33 DEB
1 33862U 97051AF  26198.79110693  .00002041  00000+0  30235-3 0  9998
2 33862  86.4093 301.4418 0048616  38.1146 120.3146 14.73803993920165
IRIDIUM 33 DEB
1 33866U 97051AK  26198.92408814  .00001997  00000+0  76792-3 0  9999
2 33866  86.3021   1.0499 0113176 182.5700 339.3367 14.26487132899056
IRIDIUM 33 DEB
1 33953U 97051BN  26198.32435983  .00001487  00000+0  32324-3 0  9994
2 33953  86.3868 319.6349 0018463  91.8902 297.9248 14.57301665914564
IRIDIUM 33 DEB
1 33960U 97051BV  26198.41645595  .00006405  00000+0  58614-3 0  9999
2 33960  86.2569 186.4631 0004585  77.4349  75.0047 14.94809696920958
IRIDIUM 33 DEB
1 34071U 97051CE  26198.20764087  .00000868  00000+0  21665-3 0  9991
2 34071  86.3439 283.6611 0009928 105.3843 254.8459 14.50460998914714
IRIDIUM 33 DEB
1 34077U 97051CL  26198.85649742  .00003558  00000+0  61164-3 0  9995
2 34077  86.3865 315.5709 0008315  15.6495 104.1650 14.68377860915154
IRIDIUM 33 DEB
1 34079U 97051CN  26198.46911507  .00006629  00000+0  67932-3 0  9996
2 34079  86.3717 269.4594 0003353 286.0491  92.9972 14.90327740921995
IRIDIUM 33 DEB
1 34088U 97051CX  26198.50408625  .00016354  00000+0  11177-2 0  9998
2 34088  86.3765 289.8662 0005892 148.0136 225.1814 15.06040504919892
IRIDIUM 33 DEB
1 34521U 97051HN  26198.74122031  .00002340  00000+0  42259-3 0  9996
2 34521  86.3788 294.7845 0002240 200.7162 159.3961 14.66057484916490
COSMOS 2251 DEB
1 33757U 93036E   26198.21780061  .00000039  00000+0  24025-4 0  9995
2 33757  74.0375 288.4076 0015822 254.8800 131.6484 14.32629845910969
COSMOS 2251 DEB
1 33758U 93036F   26198.93864616  .00001247  00000+0  30865-3 0  9994
2 33758  74.0263 165.3913 0016639 189.3075 232.6682 14.52961954914588
COSMOS 2251 DEB
1 33760U 93036H   26198.55792079  .00000081  00000+0  36987-4 0  9995
2 33760  74.0303 243.4921 0021640 291.8247 219.0303 14.35793496912369
COSMOS 2251 DEB
1 33761U 93036J   26198.47448528  .00000470  00000+0  14770-3 0  9991
2 33761  74.0336 209.8304 0024192 243.5518 276.7048 14.43095461913607
COSMOS 2251 DEB
1 33762U 93036K   26198.95382759  .00000027  00000+0  19010-4 0  9999
2 33762  74.0414 272.8928 0016386 284.9974 252.7576 14.33724130911607
COSMOS 2251 DEB
1 33764U 93036M   26198.48177380  .00000313  00000+0  10772-3 0  9994
2 33764  74.0315 232.2844 0020898 146.4222 281.9279 14.39907082912764
COSMOS 2251 DEB
1 33765U 93036N   26198.13574785  .00019127  00000+0  72913-3 0  9995
2 33765  73.9995  79.9292 0052167 117.5803 243.0710 15.25353026929023
COSMOS 2251 DEB
1 33766U 93036P   26198.85162527  .00000524  00000+0  18630-3 0  9999
2 33766  74.1859 100.4820 0063990 242.0992 117.3672 14.35576082908602
COSMOS 2251 DEB
1 33768U 93036R   26198.56443382  .00000041  00000+0  55958-4 0  9999
2 33768  74.0665 229.8506 0367794 339.3913 175.9008 13.58625383862400
COSMOS 2251 DEB
1 33779U 93036U   26198.71383238  .00006265  00000+0  92881-3 0  9990
2 33779  74.0437 108.1402 0014292  96.3156 290.1916 14.75229636917235
COSMOS 2251 DEB
1 33819U 93036BL  26198.94884813  .00000882  00000+0  31751-3 0  9993
2 33819  74.1777 176.6890 0089553 335.7523  89.2945 14.32938002906064
COSMOS 2251 DEB
1 33821U 93036BN  26198.93607562  .00021731  00000+0  52594-3 0  9993
2 33821  74.0238  38.1393 0032753  14.5631 345.6512 15.40468195783298
COSMOS 2251 DEB
1 33822U 93036BP  26198.89810939  .00001079  00000+0  51819-3 0  9995
2 33822  74.0674 169.8713 0150744 164.5620 224.2886 14.14250868891232
COSMOS 2251 DEB
1 33823U 93036BQ  26198.90634248  .00000489  00000+0  29362-3 0  9997
2 33823  73.8097 128.5593 0208501 216.2072 210.5085 13.99405477886477
COSMOS 2251 DEB
1 33825U 93036BS  26198.83693794  .00002085  00000+0  31411-3 0  9994
2 33825  73.9839 324.3069 0077034 239.5436 286.7993 14.73125596920730
COSMOS 2251 DEB
1 33826U 93036BT  26198.85912248  .00000760  00000+0  17710-3 0  9999
2 33826  74.0637   0.7364 0083052 352.5425  77.5376 14.54544423909239
COSMOS 2251 DEB
1 33828U 93036BV  26198.71664005  .00000451  00000+0  13657-3 0  9994
2 33828  74.0444 194.3763 0029599 218.5750 319.2826 14.44933445914460
COSMOS 2251 DEB
1 33830U 93036BX  26198.92964072  .00002024  00000+0  27242-3 0  9990
2 33830  74.0307 163.5840 0042943 231.3611 189.2113 14.79319549926819
COSMOS 2251 DEB
1 33832U 93036BZ  26198.91949674  .00002455  00000+0  48004-3 0  9999
2 33832  74.0540 154.5756 0021755 137.3891 279.0888 14.63290213915992
COSMOS 2251 DEB
1 33835U 93036CC  26198.93224793  .00001610  00000+0  30597-3 0  9992
2 33835  74.0550  44.9805 0054509  42.1901  76.3239 14.64095363919667
COSMOS 2251 DEB
1 33836U 93036CD  26198.97967620  .00003757  00000+0  45997-3 0  9994
2 33836  73.9946 188.8409 0024375 336.6513  54.5331 14.83375230673068
COSMOS 2251 DEB
1 33837U 93036CE  26198.89630066  .00000380  00000+0  10235-3 0  9993
2 33837  74.0123   6.6021 0034046 176.1004 184.0430 14.51111793919455
COSMOS 2251 DEB
1 33838U 93036CF  26198.85464987  .00000478  00000+0  13295-3 0  9994
2 33838  74.0368 102.9928 0026786 172.4005 256.5705 14.48940647917132
COSMOS 2251 DEB
1 33839U 93036CG  26198.35227860  .00000336  00000+0  65642-4 0  9994
2 33839  74.0388 150.0350 0084490 208.1191 310.7892 14.64968839927511
COSMOS 2251 DEB
1 33911U 93036DQ  26198.89387058  .00004569  00000+0  60440-3 0  9992
2 33911  74.0889  96.9791 0010068 326.0971 163.6712 14.80221573918523
COSMOS 2251 DEB
1 33912U 93036DR  26198.88222777  .00001085  00000+0  26880-3 0  9998
2 33912  74.0335 140.2089 0011028 176.1874 240.3099 14.53122961915862
COSMOS 2251 DEB
1 33913U 93036DS  26198.93230332  .00000653  00000+0  17608-3 0  9999
2 33913  74.0336 136.4154 0047643 187.0773 244.3193 14.49283585916039
COSMOS 2251 DEB
1 33914U 93036DT  26198.93430638  .00000185  00000+0  16176-3 0  9990
2 33914  74.0897  17.0369 0303578  69.4320  80.0958 13.72250462870606
COSMOS 2251 DEB
1 33915U 93036DU  26198.89091855  .00000404  00000+0  14028-3 0  9998
2 33915  74.0430 355.9279 0105865  34.6795 116.6011 14.35641808908733
COSMOS 2251 DEB
1 33916U 93036DV  26198.96924863  .00000246  00000+0  21471-3 0  9995
2 33916  74.0506  43.6124 0324203 167.2365 266.1534 13.68786751868630
COSMOS 2251 DEB
1 33917U 93036DW  26198.85871532  .00000210  00000+0  17756-3 0  9990
2 33917  74.1055 126.1955 0334085 175.8856 184.5141 13.69920063867069
COSMOS 2251 DEB
1 33920U 93036DZ  26198.56965775  .00002068  00000+0  42162-3 0  9997
2 33920  74.0578 245.2549 0032405 205.4469 154.5104 14.61314973912792
