NOAA 15
1 25338U 98030A   26198.61334234  .00000028  00000+0  28975-4 0  9997
2 25338  98.5064 218.4234 0009022 256.7656 103.2518 14.27154777465638
NOAA 20 (JPSS-1)
1 43013U 17073A   26198.59236687  .00000022  00000+0  31242-4 0  9990
2 43013  98.7772 137.7857 0001478 121.9234 238.2086 14.19516714448782
NOAA 21 (JPSS-2)
1 54234U 22150A   26198.55414065  .00000004  00000+0  22532-4 0  9995
2 54234  98.7059 136.8334 0002864 100.5071 259.6428 14.19541244190854
TERRA
1 25994U 99068A   26198.64676432  .00000157  00000+0  40921-4 0  9997
2 25994  97.9440 246.9828 0003502 117.8782  37.1255 14.61124733414056
AQUA
1 27424U 02022A   26198.58046432  .00000321  00000+0  73618-4 0  9997
2 27424  98.4298 168.4748 0001229 101.3800 349.9230 14.62130356287712
AURA
1 28376U 04026A   26198.59234509  .00000333  00000+0  77061-4 0  9994
2 28376  98.3431 155.3010 0001350  93.6072 266.5283 14.61369645170653
LANDSAT 8
1 39084U 13008A   26198.58284718  .00000096  00000+0  31476-4 0  9994
2 39084  98.2289 268.3550 0001361  91.4282 268.7073 14.57095059702322
LANDSAT 9
1 49260U 21088A   26198.20529165  .00000154  00000+0  44380-4 0  9998
2 49260  98.2269 268.0173 0001117  89.7332 270.3994 14.57096328255379
SENTINEL-1A
1 39634U 14016A   26198.60748559  .00000020  00000+0  14006-4 0  9993
2 39634  98.1738 205.6947 0001510  77.7211 282.4158 14.59175806654458
SENTINEL-2A
1 40697U 15028A   26198.63428270  .00000038  00000+0  31286-4 0  9994
2 40697  98.5678 273.0523 0001302  94.0159 266.1173 14.30814818578089
SENTINEL-3A
1 41335U 16011A   26198.58278696  .00000043  00000+0  35856-4 0  9999
2 41335  98.6236 265.5276 0001339  89.5234 270.6100 14.26740189542393
SENTINEL-5P
1 42969U 17064A   26198.58129501  .00000006  00000+0  23909-4 0  9997
2 42969  98.7929 140.4976 0001168  93.9787 266.1523 14.19523419453877
ISS (ZARYA)
1 25544U 98067A   26198.57280181  .00003563  00000+0  72724-4 0  9990
2 25544  51.6316 149.7201 0006795 306.9083  53.1282 15.49033131576463
CSS (TIANHE)
1 48274U 21035A   26198.52240887  .00001129  00000+0  18813-4 0  9995
2 48274  41.4691 137.7269 0001921 301.5742  58.4908 15.58143309297902
HST
1 20580U 90037B   26198.32545454  .00003201  00000+0  96173-4 0  9997
2 20580  28.4720 234.5376 0002187 124.4293 235.6510 15.31073717793199
CYGFM05
1 41884U 16078A   26198.05206390  .00016094  00000+0  20855-3 0  9990
2 41884  34.9568  62.6339 0005617  56.6119 303.5143 15.57913672533419
CYGFM04
1 41885U 16078B   26198.62859989  .00020254  00000+0  21406-3 0  9998
2 41885  34.9327  24.9062 0004121 113.9819 246.1339 15.63182639533765
CYGFM02
1 41886U 16078C   26198.63180300  .00024203  00000+0  22396-3 0  9991
2 41886  34.9409  18.4838 0004886 116.5477 243.5752 15.66485620533942
LEGION 3
1 60452U 24146A   26198.57746406  .00001125  00000+0  71794-4 0  9999
2 60452  45.0016 227.6193 0007984 346.9985  13.0687 15.15662602106632
JASON-3
1 41240U 16002A   26198.60469747 -.00000034  00000+0  11014-3 0  9996
2 41240  66.0416  61.8864 0008156 270.6810  89.3274 12.87628762491166
SENTINEL-6A
1 46984U 20086A   26198.37894563 -.00000044  00000+0  75776-4 0  9992
2 46984  66.0412  72.3448 0007777 269.7224  90.2900 12.80930187264191
SWOT
1 54754U 22173A   26198.57065423 -.00000040  00000+0 -25530-4 0  9992
2 54754  77.6113 354.2911 0000230  69.8312 290.2864 14.00172470183404
SWARM B
1 39451U 13067A   26198.63962467  .00001877  00000+0  65964-4 0  9994
2 39451  87.7462 333.0661 0002249  84.8534 275.2972 15.28726152687890
SWARM A
1 39452U 13067B   26198.60404765  .00005634  00000+0  94685-4 0  9991
2 39452  87.3296  44.9299 0003332  92.5539 267.6104 15.51486566710967
TIMED
1 26998U 01055B   26198.38244716  .00000549  00000+0  53344-4 0  9996
2 26998  74.0667 174.2178 0002280 298.6797  61.4158 14.95347066335333
CRYOSAT 2
1 36508U 10013A   26198.61315142  .00000099  00000+0  23812-4 0  9993
2 36508  92.0358 284.6984 0002424  98.8362 261.3120 14.51898901862490
RESURS-DK 1
1 29228U 06021A   26198.57387977  .00000854  00000+0  53922-4 0  9992
2 29228  69.9305 260.8870 0007238 268.3876  91.6461 15.13323561107171
IRIDIUM 33
1 24946U 97051C   26198.41256731  .00000123  00000+0  36072-4 0  9999
2 24946  86.3897 337.2686 0006479 213.9266 146.1517 14.35159643509424
IRIDIUM 33 DEB
1 33773U 97051L   26198.61742712  .00000410  00000+0  11475-3 0  9996
2 33773  86.4035 328.6678 0012407 147.0480 213.1497 14.43693731914764
IRIDIUM 33 DEB
1 33775U 97051N   26198.30754939  .00000671  00000+0  19801-3 0  9998
2 33775  86.3649 317.0622 0014116 158.6290 230.9362 14.42094545912610
IRIDIUM 33 DEB
1 33776U 97051P   26198.42267648  .00000348  00000+0  10711-3 0  9990
2 33776  86.4060 349.7438 0013768 198.0205 189.2509 14.38572834911976
IRIDIUM 33 DEB
1 33777U 97051Q   26198.53562752  .00001725  00000+0  37874-3 0  9996
2 33777  86.3791 300.7972 0005094 232.4912 127.5834 14.57048744916899
IRIDIUM 33 DEB
1 33850U 97051T   26198.27485646  .00000548  00000+0  15844-3 0  9990
2 33850  86.3416 297.0393 0012528 164.6749 215.1857 14.42743679912746
IRIDIUM 33 DEB
1 33860U 97051AD  26198.51278841  .00002630  00000+0  42950-3 0  9997
2 33860  86.3816 291.0119 0005808 320.0012  54.0557 14.70540662919051
IRIDIUM 33 DEB
1 33862U 97051AF  26198.29091493  .00002143  00000+0  31763-3 0  9999
2 33862  86.4093 301.6638 0048695  39.8203 346.4841 14.73802104920098
IRIDIUM 33 DEB
1 33866U 97051AK  26198.47557600  .00001910  00000+0  73422-3 0  9999
2 33866  86.3025   1.2397 0113158 183.9884 196.0945 14.26485043898998
IRIDIUM 33 DEB
1 33953U 97051BN  26198.32435983  .00001487  00000+0  32324-3 0  9994
2 33953  86.3868 319.6349 0018462  91.8903 297.9248 14.57301665914564
IRIDIUM 33 DEB
1 33960U 97051BV  26198.41645596  .00006405  00000+0  58614-3 0  9990
2 33960  86.2570 186.4631 0004585  77.4349  75.0047 14.94809696920950
IRIDIUM 33 DEB
1 34071U 97051CE  26198.20764087  .00000868  00000+0  21665-3 0  9991
2 34071  86.3439 283.6611 0009928 105.3843 254.8459 14.50460998914714
IRIDIUM 33 DEB
1 34077U 97051CL  26198.29419900  .00003440  00000+0  59119-3 0  9991
2 34077  86.3865 315.8199 0008405  17.6452  11.7122 14.68373634915078
IRIDIUM 33 DEB
1 34079U 97051CN  26198.46911507  .00006629  00000+0  67932-3 0  9996
2 34079  86.3717 269.4594 0003352 286.0491  92.9972 14.90327740921994
IRIDIUM 33 DEB
1 34088U 97051CX  26198.50408626  .00016354  00000+0  11177-2 0  9999
2 34088  86.3765 289.8662 0005891 148.0136 225.1814 15.06040504919891
IRIDIUM 33 DEB
1 34521U 97051HN  26198.53645656  .00002345  00000+0  42360-3 0  9994
2 34521  86.3789 294.8750 0002218 201.9242 158.1877 14.66056436916460
COSMOS 2251 DEB
1 33757U 93036E   26198.21780061  .00000039  00000+0  24025-4 0  9995
2 33757  74.0375 288.4076 0015822 254.8800 131.6484 14.32629845910969
COSMOS 2251 DEB
1 33758U 93036F   26198.60588053  .00001185  00000+0  29366-3 0  9991
2 33758  74.0263 166.0194 0016644 190.0394 292.0618 14.52960718914537
COSMOS 2251 DEB
1 33760U 93036H   26198.55792079  .00000081  00000+0  36987-4 0  9995
2 33760  74.0303 243.4921 0021640 291.8247 219.0303 14.35793496912369
COSMOS 2251 DEB
1 33761U 93036J   26198.47448528  .00000470  00000+0  14770-3 0  9991
2 33761  74.0336 209.8304 0024191 243.5518 276.7048 14.43095461913606
COSMOS 2251 DEB
1 33762U 93036K   26198.22753692  .00000027  00000+0  19096-4 0  9991
2 33762  74.0415 274.2206 0016377 286.4072 104.1707 14.33724039911502
COSMOS 2251 DEB
1 33764U 93036M   26198.48177380  .00000313  00000+0  10772-3 0  9994
2 33764  74.0315 232.2844 0020898 146.4222 281.9279 14.39907082912764
COSMOS 2251 DEB
1 33765U 93036N   26198.13574785  .00019127  00000+0  72913-3 0  9995
2 33765  73.9995  79.9292 0052167 117.5803 243.0710 15.25353026929023
COSMOS 2251 DEB
1 33766U 93036P   26198.15475579  .00000518  00000+0  18418-3 0  9993
2 33766  74.1859 101.7488 0064017 243.5685 115.8891 14.35575234908505
COSMOS 2251 DEB
1 33768U 93036R   26198.56443382  .00000041  00000+0  55958-4 0  9999
2 33768  74.0665 229.8506 0367794 339.3913 175.9008 13.58625383862400
COSMOS 2251 DEB
1 33779U 93036U   26197.84024056  .00006938  00000+0  10282-2 0  9994
2 33779  74.0439 109.8472 0014196  98.2619 330.7023 14.75218724917102
COSMOS 2251 DEB
1 33819U 93036BL  26198.40741502  .00000871  00000+0  31386-3 0  9993
2 33819  74.1778 177.6695 0089556 336.8714 176.2836 14.32936918905986
COSMOS 2251 DEB
1 33821U 93036BN  26198.54641066  .00018771  00000+0  45500-3 0  9996
2 33821  74.0236  38.9827 0032643  15.5796 344.6408 15.40451493783237
COSMOS 2251 DEB
1 33822U 93036BP  26198.35644438  .00001047  00000+0  50341-3 0  9999
2 33822  74.0673 170.8293 0150732 165.6783 346.4840 14.14249702891158
COSMOS 2251 DEB
1 33823U 93036BQ  26198.28226091  .00000478  00000+0  28751-3 0  9990
2 33823  73.8097 129.6538 0208531 217.4169 306.4660 13.99404770886380
COSMOS 2251 DEB
1 33825U 93036BS  26198.60464766  .00002059  00000+0  31024-3 0  9995
2 33825  73.9839 324.7611 0077061 240.0414 134.9182 14.73124461920701
COSMOS 2251 DEB
1 33826U 93036BT  26198.43864705  .00000761  00000+0  17725-3 0  9994
2 33826  74.0636   1.5306 0083050 353.4588  35.7638 14.54543750909173
COSMOS 2251 DEB
1 33828U 93036BV  26198.41642691  .00000475  00000+0  14337-3 0  9990
2 33828  74.0444 194.9351 0029612 219.2013 197.6530 14.44933239914422
COSMOS 2251 DEB
1 33830U 93036BX  26198.60303331  .00001902  00000+0  25636-3 0  9999
2 33830  74.0307 164.2268 0042954 232.0823 249.8537 14.79317714926765
COSMOS 2251 DEB
1 33832U 93036BZ  26198.58970230  .00002308  00000+0  45160-3 0  9991
2 33832  74.0540 155.2075 0021757 138.1437 341.7463 14.63288063915942
COSMOS 2251 DEB
1 33835U 93036CC  26198.57403968  .00001567  00000+0  29796-3 0  9995
2 33835  74.0550  45.6678 0054501  42.9890 348.2817 14.64093885919615
COSMOS 2251 DEB
1 33836U 93036CD  26198.46395427  .00003622  00000+0  44361-3 0  9993
2 33836  73.9944 189.8646 0024369 337.7585 180.5496 14.83370939672987
COSMOS 2251 DEB
1 33837U 93036CE  26198.48265507  .00000364  00000+0  98337-4 0  9994
2 33837  74.0122   7.3814 0034062 176.9735 183.1639 14.51111363919396
COSMOS 2251 DEB
1 33838U 93036CF  26198.18165700  .00000480  00000+0  13338-3 0  9992
2 33838  74.0369 104.2543 0026806 173.8634 346.0806 14.48939928917033
COSMOS 2251 DEB
1 33839U 93036CG  26198.35227861  .00000336  00000+0  65642-4 0  9995
2 33839  74.0388 150.0350 0084490 208.1191 310.7892 14.64968839927511
COSMOS 2251 DEB
1 33911U 93036DQ  26198.41912214  .00004391  00000+0  58109-3 0  9990
2 33911  74.0891  97.9115 0010074 327.0683 153.9285 14.80216777918454
COSMOS 2251 DEB
1 33912U 93036DR  26198.54997892  .00001034  00000+0  25662-3 0  9999
2 33912  74.0335 140.8360 0011034 176.9064 302.2265 14.53121907915813
COSMOS 2251 DEB
1 33913U 93036DS  26198.25731196  .00000649  00000+0  17493-3 0  9995
2 33913  74.0335 137.6815 0047669 188.5301 322.5868 14.49282589915935
COSMOS 2251 DEB
1 33914U 93036DT  26198.47275264  .00000178  00000+0  15582-3 0  9993
2 33914  74.0897  17.7981 0303562  70.3028 319.9706 13.72250226870548
COSMOS 2251 DEB
1 33915U 93036DU  26198.44958251  .00000399  00000+0  13837-3 0  9991
2 33915  74.0429 356.7375 0105861  35.6070 355.6298 14.35641391908672
COSMOS 2251 DEB
1 33916U 93036DV  26198.52100332  .00000235  00000+0  20609-3 0  9994
2 33916  74.0506  44.3491 0324202 168.0723 217.3650 13.68786421868575
COSMOS 2251 DEB
1 33917U 93036DW  26198.49358204  .00000203  00000+0  17268-3 0  9996
2 33917  74.1055 126.7948 0334096 176.5728 183.7798 13.69919874867017
COSMOS 2251 DEB
1 33920U 93036DZ  26198.56965776  .00002068  00000+0  42162-3 0  9998
2 33920  74.0578 245.2550 0032405 205.4469 154.5104 14.61314973912794
