NOAA 15
1 25338U 98030A   26211.30315388  .00000122  00000+0  67480-4 0  9997
2 25338  98.5065 230.7701 0009495 215.5261 144.5288 14.27158237467442
NOAA 20 (JPSS-1)
1 43013U 17073A   26211.27986194  .00000048  00000+0  43807-4 0  9994
2 43013  98.7775 150.3612 0001825 107.2248 252.9128 14.19518894450585
NOAA 21 (JPSS-2)
1 54234U 22150A   26211.31191642  .00000035  00000+0  37103-4 0  9992
2 54234  98.7061 149.3770 0002922  77.9654 282.1849 14.19543281192661
TERRA
1 25994U 99068A   26211.23159666  .00000382  00000+0  86616-4 0  9994
2 25994  97.9431 259.0654 0003707  93.5701 338.8807 14.61134251415899
AQUA
1 27424U 02022A   26211.24704934  .00000735  00000+0  15594-3 0  9991
2 27424  98.4311 181.3983 0001514 100.4287  24.5894 14.62148647289568
AURA
1 28376U 04026A   26211.25912490  .00000733  00000+0  15801-3 0  9992
2 28376  98.3443 168.0767 0001536  92.8448 267.2929 14.61387876172507
LANDSAT 8
1 39084U 13008A   26211.28682004  .00000298  00000+0  76181-4 0  9993
2 39084  98.2280 280.9047 0001300  92.1352 267.9996 14.57103125704177
LANDSAT 9
1 49260U 21088A   26211.18393380  .00000321  00000+0  81232-4 0  9992
2 49260  98.2260 280.8357 0001078 100.8342 259.2978 14.57104706257266
SENTINEL-1A
1 39634U 14016A   26211.01912108  .00000203  00000+0  52857-4 0  9996
2 39634  98.1610 217.9103 0001398  84.1336 276.0023 14.59176431656267
SENTINEL-2A
1 40697U 15028A   26211.29163671 -.00000019  00000+0  93319-5 0  9999
2 40697  98.5674 285.5270 0001355  93.9521 266.1817 14.30817748579891
SENTINEL-3A
1 41335U 16011A   26211.27628196  .00000103  00000+0  60474-4 0  9996
2 41335  98.6227 278.0355 0001204  86.5393 273.5925 14.26737925544207
SENTINEL-5P
1 42969U 17064A   26211.26872635  .00000031  00000+0  35902-4 0  9995
2 42969  98.7933 153.0959 0001249  91.0262 269.1057 14.19525457455679
ISS (ZARYA)
1 25544U 98067A   26211.15218593  .00008758  00000+0  16539-3 0  9990
2 25544  51.6319  87.4712 0007078 352.8836   7.2051 15.49259390578410
CSS (TIANHE)
1 48274U 21035A   26211.01949408  .00019887  00000+0  25599-3 0  9998
2 48274  41.4685  61.9555 0001079 294.5442  65.5284 15.58575375299857
HST
1 20580U 90037B   26210.90510242  .00006213  00000+0  19272-3 0  9993
2 20580  28.4724 148.5069 0001634 263.7347  96.3062 15.31202425795128
CYGFM05
1 41884U 16078A   26210.73754540  .00027663  00000+0  34929-3 0  9996
2 41884  34.9579 338.4415 0005842 194.0799 165.9764 15.58522523535391
CYGFM04
1 41885U 16078B   26211.27041123  .00032463  00000+0  33144-3 0  9995
2 41885  34.9327 300.3030 0005077 241.3960 118.6256 15.63986806535744
CYGFM02
1 41886U 16078C   26211.31001147  .00037888  00000+0  33620-3 0  9998
2 41886  34.9403 293.2162 0005652 243.2342 116.7808 15.67448864535934
LEGION 3
1 60452U 24146A   26211.23173154  .00003686  00000+0  20353-3 0  9990
2 60452  45.0002 159.7864 0006618  63.0705 297.0849 15.15748477108559
JASON-3
1 41240U 16002A   26211.18720349 -.00000043  00000+0  76640-4 0  9990
2 41240  66.0418  35.4308 0008106 269.3715  90.6375 12.87629263492785
SENTINEL-6A
1 46984U 20086A   26210.94916780 -.00000047  00000+0  60696-4 0  9994
2 46984  66.0411  46.2344 0007756 269.3953  90.6173 12.80930405265805
SWOT
1 54754U 22173A   26211.28950532 -.00000010  00000+0 -52456-5 0  9995
2 54754  77.6126 337.1226 0000142  59.3463 300.7702 14.00169698185183
SWARM B
1 39451U 13067A   26211.27300608  .00003761  00000+0  13318-3 0  9992
2 39451  87.7478 329.2313 0002300  97.7308 262.4202 15.28808670689823
SWARM A
1 39452U 13067B   26211.18847129  .00009090  00000+0  16100-3 0  9990
2 39452  87.3291  40.2513 0003024  78.8511 281.3089 15.50096645712911
TIMED
1 26998U 01055B   26211.29453130  .00001201  00000+0  11234-3 0  9991
2 26998  74.0681 148.2183 0002446 283.4852  76.6059 14.95375985337267
CRYOSAT 2
1 36508U 10013A   26211.29445804  .00000135  00000+0  32801-4 0  9991
2 36508  92.0348 287.7806 0002646  97.3096 262.8412 14.51901373864333
RESURS-DK 1
1 29228U 06021A   26211.19854192  .00001939  00000+0  11451-3 0  9999
2 29228  69.9301 228.1982 0007695 256.5622 103.4687 15.13369120109088
IRIDIUM 33
1 24946U 97051C   26211.31126980  .00000221  00000+0  70293-4 0  9998
2 24946  86.3909 331.8574 0008062 169.5517 190.5848 14.35164426511270
IRIDIUM 33 DEB
1 33773U 97051L   26211.30126503  .00000877  00000+0  25203-3 0  9993
2 33773  86.4043 323.2933 0013311 111.2015 249.0610 14.43713970916596
IRIDIUM 33 DEB
1 33775U 97051N   26211.28764287  .00001208  00000+0  36114-3 0  9991
2 33775  86.3652 311.5179 0015183 121.4523 292.5165 14.42123349914489
IRIDIUM 33 DEB
1 33776U 97051P   26211.29830331  .00000734  00000+0  23311-3 0  9995
2 33776  86.4074 344.3367 0015375 156.6125 269.7767 14.38589205913826
IRIDIUM 33 DEB
1 33777U 97051Q   26211.30910029  .00003243  00000+0  71502-3 0  9994
2 33777  86.3788 295.2297 0006607 182.6044 177.5131 14.57125930918751
IRIDIUM 33 DEB
1 33850U 97051T   26211.25103492  .00000877  00000+0  25717-3 0  9995
2 33850  86.3409 291.4551 0013800 126.6348 287.4029 14.42763377914617
IRIDIUM 33 DEB
1 33860U 97051AD  26211.24523153  .00005144  00000+0  84132-3 0  9993
2 33860  86.3812 285.3458 0005844 256.4628 160.9819 14.70664340920920
IRIDIUM 33 DEB
1 33862U 97051AF  26211.26381176  .00003252  00000+0  48410-3 0  9991
2 33862  86.4090 295.9047 0046594 354.7021  58.4286 14.73885690922004
IRIDIUM 33 DEB
1 33866U 97051AK  26210.91193969  .00004104  00000+0  15800-2 0  9990
2 33866  86.3035 355.9691 0114549 144.3714 342.4609 14.26573966900768
IRIDIUM 33 DEB
1 33953U 97051BN  26211.30622596  .00003016  00000+0  65979-3 0  9998
2 33953  86.3875 313.9864 0017556  53.1089   0.8250 14.57373074916457
IRIDIUM 33 DEB
1 33960U 97051BV  26210.91677426  .00013952  00000+0  12689-2 0  9993
2 33960  86.2568 180.4872 0004011  68.7693 353.0189 14.95120061922824
IRIDIUM 33 DEB
1 34071U 97051CE  26211.24619102  .00001570  00000+0  39611-3 0  9999
2 34071  86.3429 277.9837 0009576  71.8845 288.3401 14.50497709916606
IRIDIUM 33 DEB
1 34077U 97051CL  26211.31485159  .00006557  00000+0  11264-2 0  9999
2 34077  86.3868 310.0522 0006719 324.9487  91.9998 14.68537494916984
IRIDIUM 33 DEB
1 34079U 97051CN  26211.16464193  .00012309  00000+0  12537-2 0  9995
2 34079  86.3710 263.6156 0004738 219.0355 194.4520 14.90617140923884
IRIDIUM 33 DEB
1 34088U 97051CX  26211.26837565  .00032690  00000+0  21828-2 0  9991
2 34088  86.3734 283.8480 0005367 107.0520 320.8720 15.06859223921819
IRIDIUM 33 DEB
1 34521U 97051HN  26211.23139430  .00004499  00000+0  81441-3 0  9990
2 34521  86.3780 289.2609 0003883 163.6296 196.5043 14.66164239918323
COSMOS 2251 DEB
1 33757U 93036E   26211.28422992  .00000063  00000+0  32840-4 0  9995
2 33757  74.0357 264.5532 0015601 229.5797 199.6574 14.32631713912839
COSMOS 2251 DEB
1 33758U 93036F   26211.28180578  .00002624  00000+0  64112-3 0  9998
2 33758  74.0283 142.0914 0016253 161.7324 357.9880 14.53021227916377
COSMOS 2251 DEB
1 33760U 93036H   26211.08119389  .00000168  00000+0  67086-4 0  9996
2 33760  74.0296 220.5028 0021758 267.1302 148.8037 14.35797915914165
COSMOS 2251 DEB
1 33761U 93036J   26211.07469806  .00001001  00000+0  30527-3 0  9994
2 33761  74.0348 186.4310 0023845 217.8313 216.3284 14.43118904915420
COSMOS 2251 DEB
1 33762U 93036K   26211.21320373  .00000052  00000+0  28171-4 0  9994
2 33762  74.0397 250.4778 0016442 261.3042 166.7108 14.33725763913363
COSMOS 2251 DEB
1 33764U 93036M   26211.25446954  .00000679  00000+0  22368-3 0  9990
2 33764  74.0314 208.6824 0020522 118.8058 252.5397 14.39922944914606
COSMOS 2251 DEB
1 33765U 93036N   26210.98668607  .00054594  00000+0  20019-2 0  9996
2 33765  73.9984  52.6870 0049598  86.5597 274.1275 15.26540603930988
COSMOS 2251 DEB
1 33766U 93036P   26211.04676018  .00001025  00000+0  35606-3 0  9990
2 33766  74.1851  78.3124 0063568 216.4994 143.1819 14.35599281910353
COSMOS 2251 DEB
1 33768U 93036R   26211.27278470  .00000231  00000+0  22378-3 0  9997
2 33768  74.0667 209.3314 0368032 316.0695  53.1949 13.58630888864136
COSMOS 2251 DEB
1 33779U 93036U   26211.07995410  .00011267  00000+0  16541-2 0  9992
2 33779  74.0430  83.9718 0014882  69.5002  89.6276 14.75507596919051
COSMOS 2251 DEB
1 33819U 93036BL  26211.32379461  .00001729  00000+0  61315-3 0  9999
2 33819  74.1794 154.2791 0089614 310.1574 206.9937 14.32979894907835
COSMOS 2251 DEB
1 33821U 93036BN  26211.14242597  .00036064  00000+0  84495-3 0  9995
2 33821  74.0244  11.7055 0033687 343.4356  16.5749 15.41319978785172
COSMOS 2251 DEB
1 33822U 93036BP  26211.30166265  .00001502  00000+0  71626-3 0  9992
2 33822  74.0681 147.9317 0150590 139.2796  15.5961 14.14287102892988
COSMOS 2251 DEB
1 33823U 93036BQ  26211.14744801  .00000842  00000+0  49463-3 0  9993
2 33823  73.8092 107.0901 0208041 192.5009 319.9827 13.99423749888182
COSMOS 2251 DEB
1 33825U 93036BS  26211.31143344  .00005503  00000+0  81746-3 0  9998
2 33825  73.9840 299.9178 0076706 212.7011 204.0495 14.73249501922574
COSMOS 2251 DEB
1 33826U 93036BT  26211.29870582  .00001195  00000+0  27441-3 0  9992
2 33826  74.0642 337.2422 0083335 325.4695  56.5258 14.54569961911042
COSMOS 2251 DEB
1 33828U 93036BV  26211.31222837  .00000967  00000+0  28368-3 0  9996
2 33828  74.0457 170.9317 0029098 192.0687 318.9041 14.44956227916288
COSMOS 2251 DEB
1 33830U 93036BX  26211.25576116  .00004198  00000+0  55851-3 0  9991
2 33830  74.0317 139.3232 0042451 204.0007 314.4351 14.79416534928636
COSMOS 2251 DEB
1 33832U 93036BZ  26211.24355865  .00004671  00000+0  90532-3 0  9999
2 33832  74.0549 130.9616 0021847 109.4177  43.6662 14.63398609917796
COSMOS 2251 DEB
1 33835U 93036CC  26211.24196755  .00002610  00000+0  49134-3 0  9996
2 33835  74.0563  21.3622 0054743  15.0834 159.3211 14.64159443921464
COSMOS 2251 DEB
1 33836U 93036CD  26211.27070291  .00007906  00000+0  95783-3 0  9990
2 33836  73.9960 164.4399 0024394 309.9406 173.3530 14.83562607674885
COSMOS 2251 DEB
1 33837U 93036CE  26209.78890846  .00000910  00000+0  23477-3 0  9999
2 33837  74.0135 346.0809 0033590 152.8975 207.3949 14.51129446921039
COSMOS 2251 DEB
1 33838U 93036CF  26211.09126890  .00000991  00000+0  26765-3 0  9990
2 33838  74.0359  80.0547 0026428 145.8419   6.0831 14.48963002918905
COSMOS 2251 DEB
1 33839U 93036CG  26211.19117205  .00000826  00000+0  15241-3 0  9996
2 33839  74.0394 125.3452 0083915 180.2083 341.9894 14.64987620929392
COSMOS 2251 DEB
1 33911U 93036DQ  26211.06281475  .00008892  00000+0  11656-2 0  9990
2 33911  74.0886  73.0750 0009971 300.5883 211.6293 14.80417246920324
COSMOS 2251 DEB
1 33912U 93036DR  26211.22471723  .00002193  00000+0  53575-3 0  9991
2 33912  74.0345 116.9137 0010681 147.9652   9.7151 14.53172714917657
COSMOS 2251 DEB
1 33913U 93036DS  26211.16698425  .00001280  00000+0  33785-3 0  9992
2 33913  74.0337 113.4651 0047219 160.8033 358.6641 14.49312360917801
COSMOS 2251 DEB
1 33914U 93036DT  26210.88242140  .00000315  00000+0  26492-3 0  9995
2 33914  74.0910 357.3354 0303623  46.8984  65.2443 13.72259203872240
COSMOS 2251 DEB
1 33915U 93036DU  26210.80689370  .00000789  00000+0  26515-3 0  9999
2 33915  74.0441 334.0698 0106147   9.7067 142.5693 14.35658616910447
COSMOS 2251 DEB
1 33916U 93036DV  26211.18393697  .00000445  00000+0  37454-3 0  9999
2 33916  74.0512  23.5357 0324046 144.4510 335.8682 13.68797380870301
COSMOS 2251 DEB
1 33917U 93036DW  26211.12714566  .00000433  00000+0  34853-3 0  9993
2 33917  74.1049 106.0587 0333717 152.8276 209.0756 13.69928377868749
COSMOS 2251 DEB
1 33920U 93036DZ  26211.02895941  .00005033  00000+0  10146-2 0  9992
2 33920  74.0573 221.4613 0031995 179.1188 181.0041 14.61421305914619
