NOAA 15
1 25338U 98030A   26210.95260698  .00000112  00000+0  63453-4 0  9995
2 25338  98.5065 230.4290 0009476 216.6431 143.4103 14.27158081467397
NOAA 20 (JPSS-1)
1 43013U 17073A   26210.92743180  .00000051  00000+0  45070-4 0  9999
2 43013  98.7775 150.0119 0001814 107.5564 252.5810 14.19518831450536
NOAA 21 (JPSS-2)
1 54234U 22150A   26210.88900703  .00000031  00000+0  35255-4 0  9991
2 54234  98.7061 148.9612 0002925  78.7473 281.4032 14.19543210192604
TERRA
1 25994U 99068A   26210.89768814  .00000376  00000+0  85506-4 0  9996
2 25994  97.9431 258.7449 0003711  94.1523  22.9624 14.61133935415842
AQUA
1 27424U 02022A   26210.95641851  .00000731  00000+0  15522-3 0  9993
2 27424  98.4311 181.1017 0001509 100.6894 295.4289 14.62148174289522
AURA
1 28376U 04026A   26210.91678177  .00000717  00000+0  15474-3 0  9993
2 28376  98.3442 167.7314 0001528  92.8296 267.3079 14.61387256172455
LANDSAT 8
1 39084U 13008A   26210.94347041  .00000286  00000+0  73616-4 0  9991
2 39084  98.2280 280.5655 0001307  92.1330 268.0018 14.57102836704121
LANDSAT 9
1 49260U 21088A   26210.63457498  .00000358  00000+0  89582-4 0  9998
2 49260  98.2260 280.2931 0001093 100.0971 260.0351 14.57104500257183
SENTINEL-1A
1 39634U 14016A   26210.95054872  .00000225  00000+0  57477-4 0  9990
2 39634  98.1609 217.8427 0001402  83.4061 276.7299 14.59176394656255
SENTINEL-2A
1 40697U 15028A   26210.94198672 -.00000004  00000+0  15128-4 0  9994
2 40697  98.5675 285.1822 0001355  93.3073 266.8265 14.30817497579847
SENTINEL-3A
1 41335U 16011A   26210.92563282  .00000098  00000+0  58583-4 0  9992
2 41335  98.6227 277.6901 0001211  86.6483 273.4836 14.26737794544156
SENTINEL-5P
1 42969U 17064A   26210.84581226  .00000031  00000+0  35789-4 0  9994
2 42969  98.7933 152.6759 0001241  91.0387 269.0931 14.19525374455614
ISS (ZARYA)
1 25544U 98067A   26210.89416807  .00008676  00000+0  16394-3 0  9996
2 25544  51.6319  88.7482 0007060 351.9810   8.1065 15.49254247578377
CSS (TIANHE)
1 48274U 21035A   26210.82726055  .00019382  00000+0  24969-3 0  9997
2 48274  41.4685  63.1214 0001055 294.8725  65.2003 15.58566776299822
HST
1 20580U 90037B   26210.90510235  .00006158  00000+0  19097-3 0  9998
2 20580  28.4723 148.5067 0001652 263.2447  96.7961 15.31202276795127
CYGFM05
1 41884U 16078A   26210.73754540  .00027663  00000+0  34929-3 0  9996
2 41884  34.9579 338.4415 0005842 194.0799 165.9764 15.58522523535391
CYGFM04
1 41885U 16078B   26210.63210448  .00035279  00000+0  36063-3 0  9993
2 41885  34.9328 304.5776 0005047 235.8458 124.1789 15.63943847535645
CYGFM02
1 41886U 16078C   26210.67311604  .00042796  00000+0  38022-3 0  9993
2 41886  34.9406 297.5031 0005628 237.8982 122.1200 15.67399444535836
LEGION 3
1 60452U 24146A   26210.90220404  .00003683  00000+0  20336-3 0  9992
2 60452  45.0001 161.5528 0006626  60.9429 299.2112 15.15745792108503
JASON-3
1 41240U 16002A   26210.95419417 -.00000039  00000+0  89873-4 0  9992
2 41240  66.0417  35.9207 0008104 269.3792  90.6298 12.87629260492758
SENTINEL-6A
1 46984U 20086A   26210.94916780 -.00000047  00000+0  60696-4 0  9994
2 46984  66.0411  46.2344 0007756 269.3953  90.6173 12.80930405265805
SWOT
1 54754U 22173A   26210.86077949 -.00000022  00000+0 -13517-4 0  9997
2 54754  77.6126 337.7012 0000142  57.6981 302.4185 14.00169671185127
SWARM B
1 39451U 13067A   26210.88026976  .00003708  00000+0  13133-3 0  9997
2 39451  87.7478 329.3504 0002301  97.4739 262.6771 15.28805664689768
SWARM A
1 39452U 13067B   26210.93024011  .00008755  00000+0  15507-3 0  9996
2 39452  87.3291  40.3472 0003040  78.8076 281.3526 15.50091678712872
TIMED
1 26998U 01055B   26210.96002481  .00001197  00000+0  11200-3 0  9990
2 26998  74.0680 148.8919 0002437 283.7970  76.2943 14.95375115337211
CRYOSAT 2
1 36508U 10013A   26210.94985757  .00000128  00000+0  31105-4 0  9996
2 36508  92.0348 287.6968 0002643  97.4591 262.6916 14.51901263864288
RESURS-DK 1
1 29228U 06021A   26210.80196197  .00001938  00000+0  11442-3 0  9999
2 29228  69.9301 229.2250 0007690 256.9215 103.1094 15.13367472109026
IRIDIUM 33
1 24946U 97051C   26210.89293421  .00000213  00000+0  67727-4 0  9994
2 24946  86.3909 332.0329 0008011 170.8311 189.3034 14.35164206511215
IRIDIUM 33 DEB
1 33773U 97051L   26210.74678448  .00000983  00000+0  28341-3 0  9994
2 33773  86.4043 323.5283 0013278 112.7618 247.4988 14.43713578916510
IRIDIUM 33 DEB
1 33775U 97051N   26210.75145439  .00001347  00000+0  40319-3 0  9990
2 33775  86.3652 311.7469 0015150 122.9326  29.1095 14.42122780914400
IRIDIUM 33 DEB
1 33776U 97051P   26210.89022062  .00000726  00000+0  23069-3 0  9995
2 33776  86.4074 344.5081 0015326 157.8588 316.4442 14.38588587913768
IRIDIUM 33 DEB
1 33777U 97051Q   26210.69104590  .00003674  00000+0  81060-3 0  9991
2 33777  86.3789 295.4990 0006518 184.8169 175.2978 14.57122846918664
IRIDIUM 33 DEB
1 33850U 97051T   26210.71542947  .00000956  00000+0  28092-3 0  9994
2 33850  86.3410 291.6856 0013761 128.1544  25.7478 14.42762828914532
IRIDIUM 33 DEB
1 33860U 97051AD  26210.78445122  .00005407  00000+0  88455-3 0  9994
2 33860  86.3811 285.5508 0005792 258.5167 240.9736 14.70659669920857
IRIDIUM 33 DEB
1 33862U 97051AF  26210.67219378  .00003686  00000+0  54913-3 0  9995
2 33862  86.4091 296.1673 0046688 356.7946 159.2790 14.73882554921910
IRIDIUM 33 DEB
1 33866U 97051AK  26210.91193969  .00004104  00000+0  15800-2 0  9990
2 33866  86.3035 355.9691 0114549 144.3714 342.4609 14.26573966900768
IRIDIUM 33 DEB
1 33953U 97051BN  26210.77592001  .00003391  00000+0  74228-3 0  9998
2 33953  86.3875 314.2170 0017607  54.7076  98.7524 14.57370939916379
IRIDIUM 33 DEB
1 33960U 97051BV  26210.91677426  .00013952  00000+0  12689-2 0  9993
2 33960  86.2568 180.4872 0004011  68.7693 353.0189 14.95120061922824
IRIDIUM 33 DEB
1 34071U 97051CE  26210.90126052  .00001574  00000+0  39712-3 0  9994
2 34071  86.3429 278.1339 0009598  72.7942 287.4313 14.50496655916553
IRIDIUM 33 DEB
1 34077U 97051CL  26210.71988573  .00007622  00000+0  13099-2 0  9992
2 34077  86.3869 310.3157 0006774 327.6431 185.9361 14.68529922916897
IRIDIUM 33 DEB
1 34079U 97051CN  26210.15786735  .00013663  00000+0  13926-2 0  9999
2 34079  86.3713 264.0791 0004585 223.1913 191.3590 14.90591825923731
IRIDIUM 33 DEB
1 34088U 97051CX  26210.95611810  .00034305  00000+0  22917-2 0  9994
2 34088  86.3736 283.9955 0005408 108.1780  66.9965 15.06836112921760
IRIDIUM 33 DEB
1 34521U 97051HN  26210.95839569  .00004666  00000+0  84477-3 0  9996
2 34521  86.3781 289.3816 0003853 164.3214 195.8120 14.66161897918280
COSMOS 2251 DEB
1 33757U 93036E   26210.60207687  .00000075  00000+0  37179-4 0  9995
2 33757  74.0359 265.7986 0015619 230.9302 281.5304 14.32631634912737
COSMOS 2251 DEB
1 33758U 93036F   26210.91969608  .00002645  00000+0  64611-3 0  9993
2 33758  74.0282 142.7750 0016263 162.5769 263.7672 14.53019404916326
COSMOS 2251 DEB
1 33760U 93036H   26210.39559716  .00000189  00000+0  74277-4 0  9994
2 33760  74.0296 221.7614 0021761 268.4757 205.1201 14.35797695914065
COSMOS 2251 DEB
1 33761U 93036J   26210.92769690  .00001008  00000+0  30731-3 0  9995
2 33761  74.0346 186.7040 0023853 218.1578 172.6065 14.43118633915405
COSMOS 2251 DEB
1 33762U 93036K   26210.88520065  .00000060  00000+0  30974-4 0  9999
2 33762  74.0398 251.0775 0016445 261.9591 273.7760 14.33725722913319
COSMOS 2251 DEB
1 33764U 93036M   26210.37170664  .00000722  00000+0  23744-3 0  9992
2 33764  74.0313 210.3136 0020537 120.7404 356.4557 14.39921923914477
COSMOS 2251 DEB
1 33765U 93036N   26210.00360709  .00057728  00000+0  21233-2 0  9992
2 33765  73.9984  54.7732 0049788  89.0348 271.6557 15.26416291930835
COSMOS 2251 DEB
1 33766U 93036P   26210.97707423  .00001028  00000+0  35725-3 0  9991
2 33766  74.1851  78.4391 0063570 216.6454 143.0344 14.35599154910346
COSMOS 2251 DEB
1 33768U 93036R   26210.98961078  .00000230  00000+0  22275-3 0  9992
2 33768  74.0667 209.7886 0368034 316.5889 108.1716 13.58630739864099
COSMOS 2251 DEB
1 33779U 93036U   26210.64928080  .00012166  00000+0  17858-2 0  9994
2 33779  74.0433  84.8138 0014834  70.2962 322.1314 14.75498481918993
COSMOS 2251 DEB
1 33819U 93036BL  26210.95697481  .00001786  00000+0  63323-3 0  9996
2 33819  74.1802 154.9434 0089616 310.9209 114.6747 14.32978983907787
COSMOS 2251 DEB
1 33821U 93036BN  26210.94770158  .00036534  00000+0  85634-3 0  9999
2 33821  74.0244  12.1276 0033667 343.8978  16.1156 15.41305363785142
COSMOS 2251 DEB
1 33822U 93036BP  26210.93052054  .00001490  00000+0  71079-3 0  9998
2 33822  74.0682 148.5882 0150585 140.0399 285.9379 14.14285888892936
COSMOS 2251 DEB
1 33823U 93036BQ  26210.05777840  .00000870  00000+0  51042-3 0  9998
2 33823  73.8093 109.0013 0208075 194.6108 230.3014 13.99422122888031
COSMOS 2251 DEB
1 33825U 93036BS  26210.71965222  .00006261  00000+0  92921-3 0  9997
2 33825  73.9840 301.0748 0076725 213.9679 305.4601 14.73243626922483
COSMOS 2251 DEB
1 33826U 93036BT  26210.07866037  .00001223  00000+0  28068-3 0  9995
2 33826  74.0643 339.5466 0083289 328.1421 147.7692 14.54567094910860
COSMOS 2251 DEB
1 33828U 93036BV  26210.94789597  .00000954  00000+0  27980-3 0  9990
2 33828  74.0457 171.6099 0029116 192.8256 223.7174 14.44955465916232
COSMOS 2251 DEB
1 33830U 93036BX  26210.96968684  .00004296  00000+0  57140-3 0  9995
2 33830  74.0318 139.8863 0042463 204.6407 230.8300 14.79414214928598
COSMOS 2251 DEB
1 33832U 93036BZ  26210.88530684  .00004814  00000+0  93287-3 0  9991
2 33832  74.0550 131.6481 0021856 110.2323 316.2781 14.63395450917746
COSMOS 2251 DEB
1 33835U 93036CC  26210.96566752  .00002643  00000+0  49755-3 0  9997
2 33835  74.0562  21.8924 0054717  15.6917 142.9452 14.64158070921428
COSMOS 2251 DEB
1 33836U 93036CD  26210.99112322  .00008247  00000+0  99900-3 0  9994
2 33836  73.9959 164.9950 0024406 310.5417 120.1917 14.83558129674844
COSMOS 2251 DEB
1 33837U 93036CE  26209.78890846  .00000910  00000+0  23477-3 0  9999
2 33837  74.0135 346.0809 0033590 152.8975 207.3949 14.51129446921039
COSMOS 2251 DEB
1 33838U 93036CF  26210.92627721  .00000992  00000+0  26785-3 0  9993
2 33838  74.0359  80.3640 0026438 146.2022 225.4321 14.48962638918880
COSMOS 2251 DEB
1 33839U 93036CG  26210.75674397  .00000916  00000+0  16829-3 0  9990
2 33839  74.0394 126.1806 0083938 181.1543 210.8367 14.64987390929337
COSMOS 2251 DEB
1 33911U 93036DQ  26210.78653006  .00008841  00000+0  11591-2 0  9993
2 33911  74.0887  73.6179 0009972 301.1653 179.2138 14.80412144920283
COSMOS 2251 DEB
1 33912U 93036DR  26210.86354074  .00002214  00000+0  54069-3 0  9992
2 33912  74.0346 117.5955 0010683 148.8872 280.0991 14.53171164917608
COSMOS 2251 DEB
1 33913U 93036DS  26210.87470014  .00001270  00000+0  33516-3 0  9992
2 33913  74.0337 114.0134 0047228 161.4309 273.6588 14.49311600917764
COSMOS 2251 DEB
1 33914U 93036DT  26210.88242140  .00000315  00000+0  26492-3 0  9995
2 33914  74.0910 357.3354 0303623  46.8984  65.2443 13.72259203872240
COSMOS 2251 DEB
1 33915U 93036DU  26210.80689370  .00000789  00000+0  26515-3 0  9999
2 33915  74.0441 334.0698 0106147   9.7067 142.5693 14.35658616910447
COSMOS 2251 DEB
1 33916U 93036DV  26210.96583141  .00000440  00000+0  37016-3 0  9998
2 33916  74.0512  23.8942 0324051 144.8581 341.1156 13.68797136870273
COSMOS 2251 DEB
1 33917U 93036DW  26210.98109370  .00000428  00000+0  34525-3 0  9997
2 33917  74.1049 106.2984 0333729 153.1028 208.7839 13.69928225868722
COSMOS 2251 DEB
1 33920U 93036DZ  26210.07058701  .00005218  00000+0  10518-2 0  9999
2 33920  74.0573 223.2917 0032032 181.1928 178.9168 14.61412020914477
