NOAA 15
1 25338U 98030A   26193.28501930  .00000061  00000+0  42548-4 0  9993
2 25338  98.5064 213.2391 0009000 274.4984  85.5169 14.27153832464872
NOAA 20 (JPSS-1)
1 43013U 17073A   26193.30590548  .00000012  00000+0  26548-4 0  9995
2 43013  98.7774 132.5459 0001277 126.9784 233.1510 14.19516117448038
NOAA 21 (JPSS-2)
1 54234U 22150A   26193.26776449  .00000001  00000+0  20961-4 0  9996
2 54234  98.7061 131.6358 0002761 109.8104 250.3370 14.19540788190105
TERRA
1 25994U 99068A   26193.28691045  .00000197  00000+0  49023-4 0  9995
2 25994  97.9443 241.8363 0003295 128.3138 290.4742 14.61122270413270
AQUA
1 27424U 02022A   26193.31392713  .00000395  00000+0  88252-4 0  9990
2 27424  98.4293 163.1016 0000847 107.7540 358.1104 14.62194579286946
AURA
1 28376U 04026A   26193.32018906  .00000390  00000+0  88710-4 0  9997
2 28376  98.3429 149.9839 0001282  92.4930 267.6417 14.61365349169883
LANDSAT 8
1 39084U 13008A   26193.29527149  .00000148  00000+0  42897-4 0  9992
2 39084  98.2291 263.1310 0001326  94.2959 265.8391 14.57110639701552
LANDSAT 9
1 49260U 21088A   26192.78033785  .00000149  00000+0  43166-4 0  9998
2 49260  98.2273 262.6577 0000954  82.6088 277.5219 14.57096084254580
SENTINEL-1A
1 39634U 14016A   26193.25890365  .00000225  00000+0  57381-4 0  9992
2 39634  98.1785 200.4258 0001461  85.7228 274.4139 14.59200746653675
SENTINEL-2A
1 40697U 15028A   26193.31958514  .00000055  00000+0  37696-4 0  9993
2 40697  98.5682 267.8136 0001274  95.7021 264.4307 14.30813954577325
SENTINEL-3A
1 41335U 16011A   26193.32305701  .00000043  00000+0  35982-4 0  9994
2 41335  98.6238 260.3443 0001375  91.0370 269.0968 14.26739260541642
SENTINEL-5P
1 42969U 17064A   26193.22437495  .00000005  00000+0  23382-4 0  9991
2 42969  98.7929 135.1783 0001112  92.3422 267.7882 14.19522978453113
ISS (ZARYA)
1 25544U 98067A   26193.15356419  .00004878  00000+0  96681-4 0  9995
2 25544  51.6303 176.5328 0006700 285.7692  74.2557 15.48987212575626
CSS (TIANHE)
1 48274U 21035A   26193.26640833  .00000809  00000+0  14738-4 0  9992
2 48274  41.4687 169.5849 0002450 291.0360  69.0216 15.58035047297089
HST
1 20580U 90037B   26192.65455861  .00004090  00000+0  12505-3 0  9992
2 20580  28.4731 273.3159 0002083  72.1261 287.9563 15.31037779792320
CYGFM05
1 41884U 16078A   26193.11769398  .00016961  00000+0  22099-3 0  9999
2 41884  34.9566  95.3657 0006519   6.4855 353.5953 15.57754796532643
CYGFM04
1 41885U 16078B   26193.00823688  .00021763  00000+0  23212-3 0  9995
2 41885  34.9325  62.4944 0004592  48.1886 311.9231 15.62937948532888
CYGFM02
1 41886U 16078C   26192.95948331  .00026306  00000+0  24625-3 0  9999
2 41886  34.9407  56.6012 0005333  51.8258 308.2949 15.66185448533058
LEGION 3
1 60452U 24146A   26193.23878913  .00001986  00000+0  11629-3 0  9991
2 60452  45.0011 256.2351 0008476 318.1275  41.8955 15.15644370105820
JASON-3
1 41240U 16002A   26193.32314992 -.00000039  00000+0  93743-4 0  9996
2 41240  66.0416  72.9908 0008211 271.2127  88.7951 12.87628474490487
SENTINEL-6A
1 46984U 20086A   26193.14785849 -.00000066  00000+0 -23530-4 0  9994
2 46984  66.0413  83.2101 0007807 269.9092  90.1028 12.80930066263520
SWOT
1 54754U 22173A   26193.21159385  .00000081  00000+0  56624-4 0  9990
2 54754  77.6107   1.5258 0000280  79.0614 281.0569 14.00172234182650
SWARM B
1 39451U 13067A   26193.33736932  .00002171  00000+0  76545-4 0  9997
2 39451  87.7455 334.6760 0002443  82.1822 277.9705 15.28705947687089
SWARM A
1 39452U 13067B   26193.18593673  .00006278  00000+0  10586-3 0  9998
2 39452  87.3304  46.9472 0003314  94.8377 265.3263 15.51419104710120
TIMED
1 26998U 01055B   26192.96332848  .00000642  00000+0  61829-4 0  9999
2 26998  74.0664 185.1298 0002123 304.2836  55.8147 14.95340530334522
CRYOSAT 2
1 36508U 10013A   26193.30629399  .00000128  00000+0  30989-4 0  9992
2 36508  92.0358 283.4083 0002349  98.3276 261.8197 14.51897708861720
RESURS-DK 1
1 29228U 06021A   26192.62498360  .00001011  00000+0  62717-4 0  9999
2 29228  69.9312 276.2899 0006915 275.2250  84.8127 15.13311404106271
IRIDIUM 33
1 24946U 97051C   26193.32280108  .00000136  00000+0  40626-4 0  9993
2 24946  86.3891 339.4045 0006002 234.5991 125.4645 14.35158567508691
IRIDIUM 33 DEB
1 33773U 97051L   26192.86460051  .00000523  00000+0  14805-3 0  9995
2 33773  86.4031 331.1061 0011726 164.3538 195.8028 14.43688892913930
IRIDIUM 33 DEB
1 33775U 97051N   26193.12137824  .00000797  00000+0  23624-3 0  9998
2 33775  86.3647 319.2780 0013418 174.5634 307.9823 14.42087542911862
IRIDIUM 33 DEB
1 33776U 97051P   26192.87785804  .00000398  00000+0  12372-3 0  9992
2 33776  86.4052 352.0729 0013074 217.4661 272.2161 14.38568975911179
IRIDIUM 33 DEB
1 33777U 97051Q   26192.83546371  .00002079  00000+0  45772-3 0  9991
2 33777  86.3791 303.2810 0004696 259.1909 100.8771 14.57028099916061
IRIDIUM 33 DEB
1 33850U 97051T   26193.28132848  .00000704  00000+0  20548-3 0  9990
2 33850  86.3416 299.1881 0011865 180.2301 200.4171 14.42738311912026
IRIDIUM 33 DEB
1 33860U 97051AD  26193.27448084  .00003075  00000+0  50326-3 0  9993
2 33860  86.3819 293.3422 0006415 344.3794  36.7405 14.70510531918282
IRIDIUM 33 DEB
1 33862U 97051AF  26193.26706632  .00002654  00000+0  39430-3 0  9995
2 33862  86.4092 303.8935 0049319  56.7440 332.2604 14.73778460919350
IRIDIUM 33 DEB
1 33866U 97051AK  26192.96160255  .00002148  00000+0  82776-3 0  9999
2 33866  86.3013   3.5773 0112473 201.8111 320.0724 14.26463688898209
IRIDIUM 33 DEB
1 33953U 97051BN  26193.12355387  .00001846  00000+0  40254-3 0  9996
2 33953  86.3864 321.8978 0018539 107.1923  15.4615 14.57285791913809
IRIDIUM 33 DEB
1 33960U 97051BV  26192.45847743  .00006909  00000+0  63381-3 0  9992
2 33960  86.2558 189.3106 0004688  85.0205  67.9183 14.94728158920061
IRIDIUM 33 DEB
1 34071U 97051CE  26193.24050082  .00000982  00000+0  24603-3 0  9995
2 34071  86.3441 285.8238 0009779 118.0070 242.2126 14.50451787913990
IRIDIUM 33 DEB
1 34077U 97051CL  26192.85933831  .00004076  00000+0  70189-3 0  9997
2 34077  86.3857 318.2271 0009294  35.4551  83.5493 14.68333877914276
IRIDIUM 33 DEB
1 34079U 97051CN  26193.16584377  .00008210  00000+0  84339-3 0  9997
2 34079  86.3732 271.8989 0003614 315.7414  69.8870 14.90253687921204
IRIDIUM 33 DEB
1 34088U 97051CX  26193.25774657  .00019642  00000+0  13495-2 0  9994
2 34088  86.3777 292.3360 0005601 163.6284 226.2157 15.05840114919104
IRIDIUM 33 DEB
1 34521U 97051HN  26193.28080598  .00002701  00000+0  48886-3 0  9994
2 34521  86.3790 297.1984 0001532 229.3180 130.7900 14.66029764915691
