DEMO-SAT-00
1 00001U          26182.00000000  .00000000  00000-0  00000+0 0    02
2 00001  53.1296   1.4182 0001000   0.0000 154.0049 15.05446587    04
DEMO-SAT-01
1 00002U          26182.00000000  .00000000  00000-0  00000+0 0    03
2 00002  52.9866  59.2584 0001000   0.0000 320.6644 15.04541975    00
DEMO-SAT-02
1 00003U          26182.00000000  .00000000  00000-0  00000+0 0    04
2 00003  97.6286  18.9493 0001000   0.0000  82.3704 15.04416635    07
DEMO-SAT-03
1 00004U          26182.00000000  .00000000  00000-0  00000+0 0    05
2 00004  97.5605  78.1787 0001000   0.0000 187.0173 15.06732432    07
DEMO-SAT-04
1 00005U          26182.00000000  .00000000  00000-0  00000+0 0    06
2 00005 120.0743  41.5104 0001000   0.0000 129.1828 15.04563540    04
DEMO-SAT-05
1 00006U          26182.00000000  .00000000  00000-0  00000+0 0    07
2 00006 119.9887  98.0161 0001000   0.0000 324.6929 15.07224897    07
DEMO-SAT-06
1 00007U          26182.00000000  .00000000  00000-0  00000+0 0    08
2 00007  53.0189   1.1818 0001000   0.0000 322.4899 15.05968525    08
DEMO-SAT-07
1 00008U          26182.00000000  .00000000  00000-0  00000+0 0    09
2 00008  52.9752  59.5648 0001000   0.0000 204.0354 15.05205388    03
DEMO-SAT-08
1 00009U          26182.00000000  .00000000  00000-0  00000+0 0    00
2 00009  97.5430  20.0639 0001000   0.0000 356.8232 15.03427031    05
DEMO-SAT-09
1 00010U          26182.00000000  .00000000  00000-0  00000+0 0    02
2 00010  97.6859  79.9516 0001000   0.0000 143.9206 15.05771147    08
DEMO-SAT-10
1 00011U          26182.00000000  .00000000  00000-0  00000+0 0    03
2 00011 120.1404  40.1737 0001000   0.0000 176.5667 15.04167476    08
DEMO-SAT-11
1 00012U          26182.00000000  .00000000  00000-0  00000+0 0    04
2 00012 119.9254  99.0183 0001000   0.0000  78.2687 15.06880114    09
DEMO-SAT-12
1 00013U          26182.00000000  .00000000  00000-0  00000+0 0    05
2 00013  52.9279 358.1091 0001000   0.0000 150.9859 15.04544780    03
DEMO-SAT-13
1 00014U          26182.00000000  .00000000  00000-0  00000+0 0    06
2 00014  52.9144  58.6505 0001000   0.0000 299.8193 15.05525958    08
DEMO-SAT-14
1 00015U          26182.00000000  .00000000  00000-0  00000+0 0    07
2 00015  97.6192  18.1037 0001000   0.0000 155.4479 15.03496726    01
DEMO-SAT-15
1 00016U          26182.00000000  .00000000  00000-0  00000+0 0    08
2 00016  97.6253  79.9861 0001000   0.0000  84.9497 15.06851222    05
DEMO-SAT-16
1 00017U          26182.00000000  .00000000  00000-0  00000+0 0    09
2 00017 119.9476  41.7909 0001000   0.0000   4.0055 15.05194258    02
DEMO-SAT-17
1 00018U          26182.00000000  .00000000  00000-0  00000+0 0    00
2 00018 119.9666  98.6166 0001000   0.0000  13.6774 15.06282517    01
DEMO-SAT-18
1 00019U          26182.00000000  .00000000  00000-0  00000+0 0    01
2 00019  52.9303 358.9385 0001000   0.0000  44.3825 15.05496072    01
DEMO-SAT-19
1 00020U          26182.00000000  .00000000  00000-0  00000+0 0    03
2 00020  52.9318  59.7330 0001000   0.0000 174.2511 15.06191735    09
DEMO-SAT-20
1 00021U          26182.00000000  .00000000  00000-0  00000+0 0    04
2 00021  97.5114  21.2216 0001000   0.0000 329.2741 15.04032244    00
DEMO-SAT-21
1 00022U          26182.00000000  .00000000  00000-0  00000+0 0    05
2 00022  97.5266  79.5358 0001000   0.0000 236.5685 15.06713670    00
DEMO-SAT-22
1 00023U          26182.00000000  .00000000  00000-0  00000+0 0    06
2 00023 120.0741  40.2828 0001000   0.0000  75.8075 15.04300560    03
DEMO-SAT-23
1 00024U          26182.00000000  .00000000  00000-0  00000+0 0    07
2 00024 120.0248  99.5077 0001000   0.0000 181.9794 15.07197363    04
DEMO-SAT-24
1 00025U          26182.00000000  .00000000  00000-0  00000+0 0    08
2 00025  53.0175   1.5075 0001000   0.0000 355.1319 15.05391604    00
DEMO-SAT-25
1 00026U          26182.00000000  .00000000  00000-0  00000+0 0    09
2 00026  52.9784  61.8561 0001000   0.0000 244.1551 15.04732905    01
DEMO-SAT-26
1 00027U          26182.00000000  .00000000  00000-0  00000+0 0    00
2 00027  97.7053  20.2642 0001000   0.0000  84.1851 15.04737707    07
DEMO-SAT-27
1 00028U          26182.00000000  .00000000  00000-0  00000+0 0    01
2 00028  97.6667  78.7410 0001000   0.0000  72.1469 15.06536619    02
DEMO-SAT-28
1 00029U          26182.00000000  .00000000  00000-0  00000+0 0    02
2 00029 119.8829  40.5895 0001000   0.0000  10.8295 15.05666658    06
DEMO-SAT-29
1 00030U          26182.00000000  .00000000  00000-0  00000+0 0    04
2 00030 120.1382  98.3199 0001000   0.0000 345.7225 15.06915370    07
DEMO-SAT-30
1 00031U          26182.00000000  .00000000  00000-0  00000+0 0    05
2 00031  53.0607   0.4767 0001000   0.0000 183.0734 15.05684817    03
DEMO-SAT-31
1 00032U          26182.00000000  .00000000  00000-0  00000+0 0    06
2 00032  52.8754  61.0526 0001000   0.0000 167.1677 15.04992873    02
DEMO-SAT-32
1 00033U          26182.00000000  .00000000  00000-0  00000+0 0    07
2 00033  97.7020  18.3763 0001000   0.0000 253.4085 15.03640798    02
DEMO-SAT-33
1 00034U          26182.00000000  .00000000  00000-0  00000+0 0    08
2 00034  97.5695  81.0085 0001000   0.0000 351.4214 15.07035184    07
DEMO-SAT-34
1 00035U          26182.00000000  .00000000  00000-0  00000+0 0    09
2 00035 120.0746  41.6110 0001000   0.0000 348.5328 15.04115417    06
DEMO-SAT-35
1 00036U          26182.00000000  .00000000  00000-0  00000+0 0    00
2 00036 120.1321 100.2851 0001000   0.0000  38.6065 15.07473403    01
DEMO-SAT-36
1 00037U          26182.00000000  .00000000  00000-0  00000+0 0    01
2 00037  52.8555 358.3226 0001000   0.0000 273.6296 15.04905418    04
DEMO-SAT-37
1 00038U          26182.00000000  .00000000  00000-0  00000+0 0    02
2 00038  53.0656  60.0687 0001000   0.0000 279.6292 15.05653351    07
DEMO-SAT-38
1 00039U          26182.00000000  .00000000  00000-0  00000+0 0    03
2 00039  97.7052  21.5464 0001000   0.0000 255.9915 15.04105259    05
DEMO-SAT-39
1 00040U          26182.00000000  .00000000  00000-0  00000+0 0    05
2 00040  97.6204  81.8457 0001000   0.0000  70.3421 15.07037937    07
DEMO-SAT-40
1 00041U          26182.00000000  .00000000  00000-0  00000+0 0    06
2 00041 120.0254  38.4510 0001000   0.0000 330.4866 15.05694810    02
DEMO-SAT-41
1 00042U          26182.00000000  .00000000  00000-0  00000+0 0    07
2 00042 120.0949 100.9952 0001000   0.0000  21.3007 15.06503812    04
DEMO-SAT-42
1 00043U          26182.00000000  .00000000  00000-0  00000+0 0    08
2 00043  52.9271   1.3250 0001000   0.0000 265.1049 15.06259040    06
DEMO-SAT-43
1 00044U          26182.00000000  .00000000  00000-0  00000+0 0    09
2 00044  53.0929  59.7255 0001000   0.0000 215.8230 15.05126698    06
DEMO-SAT-44
1 00045U          26182.00000000  .00000000  00000-0  00000+0 0    00
2 00045  97.6132  20.2269 0001000   0.0000  39.9356 15.03186423    09
DEMO-SAT-45
1 00046U          26182.00000000  .00000000  00000-0  00000+0 0    01
2 00046  97.5862  78.8812 0001000   0.0000 290.7581 15.06416198    07
DEMO-SAT-46
1 00047U          26182.00000000  .00000000  00000-0  00000+0 0    02
2 00047 119.8993  40.9754 0001000   0.0000  98.0434 15.04478608    04
DEMO-SAT-47
1 00048U          26182.00000000  .00000000  00000-0  00000+0 0    03
2 00048 120.0687  99.4733 0001000   0.0000 238.6690 15.07484548    04
DEMO-SAT-48
1 00049U          26182.00000000  .00000000  00000-0  00000+0 0    04
2 00049  52.8675   1.0962 0001000   0.0000 216.7122 15.04708954    01
DEMO-SAT-49
1 00050U          26182.00000000  .00000000  00000-0  00000+0 0    06
2 00050  53.0463  61.7915 0001000   0.0000 235.1673 15.05314282    06
DEMO-SAT-50
1 00051U          26182.00000000  .00000000  00000-0  00000+0 0    07
2 00051  97.5867  21.4194 0001000   0.0000 155.8605 15.03946064    00
DEMO-SAT-51
1 00052U          26182.00000000  .00000000  00000-0  00000+0 0    08
2 00052  97.6946  78.8058 0001000   0.0000  85.9262 15.06271382    04
DEMO-SAT-52
1 00053U          26182.00000000  .00000000  00000-0  00000+0 0    09
2 00053 119.9729  41.9410 0001000   0.0000  41.7109 15.04679690    07
DEMO-SAT-53
1 00054U          26182.00000000  .00000000  00000-0  00000+0 0    00
2 00054 119.8575  99.9249 0001000   0.0000   7.7276 15.07621328    04
DEMO-SAT-54
1 00055U          26182.00000000  .00000000  00000-0  00000+0 0    01
2 00055  52.8979 359.9172 0001000   0.0000 356.8855 15.06429322    03
DEMO-SAT-55
1 00056U          26182.00000000  .00000000  00000-0  00000+0 0    02
2 00056  53.0891  59.6165 0001000   0.0000 135.0644 15.06117807    01
DEMO-SAT-56
1 00057U          26182.00000000  .00000000  00000-0  00000+0 0    03
2 00057  97.6189  21.7586 0001000   0.0000  89.3818 15.03099932    02
DEMO-SAT-57
1 00058U          26182.00000000  .00000000  00000-0  00000+0 0    04
2 00058  97.5976  79.9708 0001000   0.0000 275.0265 15.05522320    01
DEMO-SAT-58
1 00059U          26182.00000000  .00000000  00000-0  00000+0 0    05
2 00059 119.9938  41.6702 0001000   0.0000  73.8244 15.04105845    08
DEMO-SAT-59
1 00060U          26182.00000000  .00000000  00000-0  00000+0 0    07
2 00060 120.0359  99.3032 0001000   0.0000 155.0667 15.06179478    03
