ISS (ZARYA)
1 25544U 98067A   24019.54791435  .00016717  00000+0  10270-3 0  9991
2 25544  51.6415  67.7316 0005447  83.1490  28.3976 15.50012378431589
NOAA 15
1 25338U 98030A   24019.54262076  .00000073  00000+0  69177-4 0  9993
2 25338  98.7314  58.7588 0011420 193.1801 166.9396 14.25933904353136
HUBBLE SPACE TELESCOPE
1 20580U 90037B   24019.28782142  .00004574  00000+0  18967-3 0  9996
2 20580  28.4696 112.0678 0002933  86.6010 273.4921 15.25021936594748
TERRA
1 25994U 99068A   24019.52127209  .00000666  00000+0  16333-3 0  9996
2 25994  98.1689  90.5452 0001383  89.8728 270.2630 14.57109845281290
AQUA
1 27424U 02022A   24019.53081382  .00000813  00000+0  18485-3 0  9990
2 27424  98.3019 322.1410 0001075  81.0962 279.0368 14.59455658155248
