ISS (ZARYA)
1 25544U 98067A   26182.50817465  .00006185  00000+0  11827-3 0  9996
2 25544  51.6311 229.1989 0004224 255.0896 104.9625 15.49503254573972
NOAA 15
1 25338U 98030A   26183.82022767  .00000140  00000+0  74838-4 0  9993
2 25338  98.5062 204.0302 0009193 305.8471  54.1855 14.27151113463528
HST
1 20580U 90037B   26183.72415950  .00007907  00000+0  24931-3 0  9991
2 20580  28.4736 334.3758 0001625 336.7387  23.3136 15.30934799790959
TERRA
1 25994U 99068A   26183.84729774  .00000473  00000+0  10519-3 0  9991
2 25994  97.9447 232.7721 0002763 147.9475 327.8787 14.61115956411894
AQUA
1 27424U 02022A   26183.85604147  .00000914  00000+0  19150-3 0  9992
2 27424  98.4285 153.4526 0000691  82.2716 307.8036 14.62182391285565
STARLINK-1008
1 44714U 19074B   26183.19600949  .00071938  00000+0  11715-2 0  9993
2 44714  53.1515 356.7710 0002243 240.6773 119.4014 15.52015847366543
STARLINK-1012
1 44718U 19074F   26183.83281354  .00090664  00000+0  14464-2 0  9994
2 44718  53.1555 353.9524 0002814 259.7531 100.3162 15.52484685366633
STARLINK-1017
1 44723U 19074L   26183.20291778  .00042344  00000+0  13013-2 0  9993
2 44723  53.0479 359.2534 0002871 104.7429 255.3890 15.33305023366480
STARLINK-1020
1 44725U 19074N   26183.83190441  .00099898  00000+0  12914-2 0  9994
2 44725  53.1551  17.0314 0003064 201.0218 159.0669 15.58164866366299
STARLINK-1036
1 44741U 19074AE  26183.70965627  .00077165  00000+0  49276-3 0  9999
2 44741  53.0430 343.5040 0001090   0.9149 359.1872 15.75706695366741
STARLINK-1039
1 44744U 19074AH  26183.86677201  .00051189  00000+0  17180-2 0  9993
2 44744  53.0598  42.0882 0003172 127.1510 232.9780 15.30392612365949
STARLINK-1042
1 44747U 19074AL  26183.48770140  .00027909  00000+0  40918-3 0  9999
2 44747  53.0412 261.6426 0000779  91.7140 268.3959 15.55353439367905
STARLINK-1043
1 44748U 19074AM  26183.75536675  .00043747  00000+0  44750-3 0  9999
2 44748  53.0489 355.1444 0002579  21.4504 338.6617 15.64594249366595
STARLINK-1046
1 44751U 19074AQ  26183.83603637  .00109865  00000+0  14035-2 0  9991
2 44751  53.0467  17.6031 0004988 165.8171 194.2981 15.58424030366285
STARLINK-1047
1 44752U 19074AR  26183.69870323  .00009535  00000+0  28761-3 0  9999
2 44752  53.0700 327.7116 0002276 175.5253 184.5770 15.34986252366991
STARLINK-1048
1 44753U 19074AS  26183.69580793  .00057561  00000+0  47127-3 0  9998
2 44753  53.0453 326.2395 0003650 123.4022 236.7344 15.69977232366985
STARLINK-1063
1 44768U 19074BH  26183.85304971  .00169131  00000+0  26949-2 0  9999
2 44768  53.1541  34.6533 0001875 196.3922 163.7028 15.52177274366088
STARLINK-1067
1 44771U 19074BL  26183.20906698  .00127656  00000+0  62440-3 0  9999
2 44771  53.0429 358.5877 0003255 286.9233  73.1431 15.81427370366494
STARLINK-1068
1 44772U 19074BM  26183.75033188 -.00042719  00000+0 -22916-3 0  9997
2 44772  53.0406 329.8736 0003285 318.3243  41.7526 15.79369406366936
STARLINK-1114
1 44927U 20001P   26183.84375806  .00075594  00000+0  56105-3 0  9999
2 44927  53.0390 128.0815 0001640 135.3856 224.7294 15.72216494358079
STARLINK-1123
1 44930U 20001S   26183.82494764  .00097702  00000+0  10921-2 0  9996
2 44930  53.1407 156.9832 0007730  38.3724 321.7839 15.61959490357681
STARLINK-1094
1 44941U 20001AD  26183.85199656  .00090892  00000+0  12068-2 0  9990
2 44941  53.1503 132.6647 0007228  62.1991 297.9753 15.57472307358039
STARLINK-1122
1 44949U 20001AM  26183.85955880  .00081611  00000+0  10734-2 0  9994
2 44949  53.1538 133.2043 0006663  54.6415 305.5219 15.57776261358029
STARLINK-1080
1 44961U 20001AZ  26183.46218551  .00064436  00000+0  52273-3 0  9993
2 44961  53.0450  90.2704 0002618 108.8543 251.2757 15.70155888358576
STARLINK-1090
1 44968U 20001BG  26183.84591933  .00083037  00000+0  12749-2 0  9991
2 44968  53.1467 121.6951 0005135  68.1837 291.9719 15.53578793358187
STARLINK-1132
1 45044U 20006A   26183.86257683  .00056826  00000+0  71494-3 0  9994
2 45044  53.1496  61.6759 0002730 130.0533 230.0720 15.59129044354802
STARLINK-1131
1 45047U 20006D   26183.74022586  .00077344  00000+0  11032-2 0  9995
2 45047  53.1550  95.7519 0004798  89.8095 270.3466 15.55627219354311
STARLINK-1134
1 45048U 20006E   26182.65475388  .00126660  00000+0  14025-2 0  9998
2 45048  53.0225  49.3266 0006700 158.5407 201.5888 15.62084005354840
STARLINK-1156
1 45054U 20006L   26183.78510966  .00044242  00000+0  12006-2 0  9994
2 45054  53.1571 104.3408 0004914  74.4707 285.6839 15.37188289354194
STARLINK-1166
1 45060U 20006S   26183.83336806 -.00047953  00000+0 -42237-3 0  9990
2 45060  53.0428  76.4021 0001203 112.5284 127.4910 15.67978563  5789
STARLINK-1169
1 45061U 20006T   26183.76333727  .00059924  00000+0  14397-2 0  9996
2 45061  53.1547 102.4084 0006328  62.2239 297.9407 15.40774792354225
STARLINK-1171
1 45062U 20006U   26183.83095287  .00101041  00000+0  57262-3 0  9998
2 45062  53.0379  39.6709 0001048  89.2074 270.9066 15.78296026355080
STARLINK-1133
1 45064U 20006W   26183.69181228  .00040350  00000+0  10987-2 0  9992
2 45064  53.1552  81.5612 0004875  86.3411 273.8150 15.37125355354513
STARLINK-1167
1 45071U 20006AD  26183.84814751  .00050163  00000+0  12490-2 0  9995
2 45071  53.1548  79.4410 0003194  55.0340 305.0965 15.39781948354559
STARLINK-1168
1 45072U 20006AE  26183.86223992  .00127793  00000+0  33638-2 0  9990
2 45072  53.1581  80.9147 0004253  79.4424 280.7059 15.37615166354538
STARLINK-1172
1 45074U 20006AG  26183.85422748  .00052765  00000+0  12687-2 0  9998
2 45074  53.1535  78.5640 0003361  67.0885 293.0475 15.40819597354563
STARLINK-1153
1 45080U 20006AN  26183.44059736  .00043915  00000+0  10953-2 0  9994
2 45080  53.1573  81.2663 0004718  48.7661 311.3750 15.39785275354498
STARLINK-1151
1 45081U 20006AP  26183.83336806  .00229729  31901-4  55858-3 0  9996
2 45081  53.0450  25.6054 0006036 273.6419 188.4400 15.95824968  5980
STARLINK-1185
1 45087U 20006AV  26183.82995829  .00065842  00000+0  12013-2 0  9997
2 45087  53.1579  57.9914 0004296 107.2074 252.9405 15.48837708354856
STARLINK-1183
1 45088U 20006AW  26183.84761213  .00043961  00000+0  12007-2 0  9999
2 45088  53.1567  65.6598 0004366 104.8239 255.3248 15.36993075354749
STARLINK-1152
1 45096U 20006BE  26183.85571987  .00097401  00000+0  15773-2 0  9997
2 45096  53.0325  17.6438 0002919 198.4465 161.6438 15.52031907355398
STARLINK-1184
1 45098U 20006BG  26183.74565822  .00022714  00000+0  12005-2 0  9998
2 45098  53.0531  83.6808 0005138 106.8362 253.3194 15.15405310354454
STARLINK-1193
1 45100U 20006BJ  26182.97538459  .00067989  00000+0  54353-3 0  9998
2 45100  53.0460  30.4424 0003782  50.7481 309.3871 15.70482866355137
STARLINK-1143
1 45179U 20012B   26183.11494994  .00370531  70072-4  67780-3 0  9992
2 45179  53.0299 116.2441 0004269  92.2922 267.8596 16.00819414354001
STARLINK-1202
1 45183U 20012F   26183.53531407  .00033960  00000+0  93741-3 0  9991
2 45183  53.1517 223.9044 0004309 349.9362  10.1554 15.36784699352566
STARLINK-1216
1 45185U 20012H   26183.83381677  .00024596  00000+0  67366-3 0  9997
2 45185  53.1539 222.3011 0004303 347.5077  12.5819 15.37198878352558
STARLINK-1225
1 45187U 20012K   26183.83222719  .00041832  00000+0  11352-2 0  9995
2 45187  53.1553 222.7667 0004341 354.5051   5.5904 15.37215940352590
STARLINK-1230
1 45189U 20012M   26183.84595189  .00043962  00000+0  11980-2 0  9995
2 45189  53.1536 222.8026 0004355 351.0603   9.0323 15.37062093349828
STARLINK-1234
1 45190U 20012N   26183.83336806  .00137401  00000+0  61919-3 0  9995
2 45190  53.0343 115.0987 0001656 162.8639   3.5729 15.83155287  5920
STARLINK-1269
1 45197U 20012V   26183.84028066  .00045497  00000+0  12357-2 0  9993
2 45197  53.1540 222.6603 0002692  13.9133 346.1945 15.37156244352578
STARLINK-1154
1 45198U 20012W   26183.69638100  .00042565  00000+0  41669-3 0  9995
2 45198  53.0400 172.7672 0004387  52.5642 307.5772 15.65706953353200
STARLINK-1199
1 45201U 20012Z   26183.35635344  .00037759  00000+0  10322-2 0  9990
2 45201  53.1532 209.2035 0005598   6.8137 353.2942 15.37028931352744
STARLINK-1209
1 45206U 20012AE  26183.59064480  .00068831  00000+0  49086-3 0  9993
2 45206  53.0363 132.7073 0001343 132.7295 227.3836 15.73194230352862
STARLINK-1231
1 45212U 20012AL  26183.78580889  .00026979  00000+0  94221-3 0  9995
2 45212  53.0370 203.4714 0002391  74.1452 285.9810 15.29409699352796
STARLINK-1271
1 45217U 20012AR  26183.48095426  .00048352  00000+0  13088-2 0  9995
2 45217  53.1538 208.7107 0005123  11.4107 348.7011 15.37226377352766
STARLINK-1191
1 45222U 20012AW  26183.71976765  .00046043  00000+0  10849-2 0  9998
2 45222  53.1531 179.8592 0003586 355.7635   4.3340 15.41490918353199
STARLINK-1212
1 45223U 20012AX  26183.79116012  .00070530  00000+0  52944-3 0  9999
2 45223  53.0378 147.2329 0001490 116.2781 243.8390 15.71976005353632
STARLINK-1215
1 45225U 20012AZ  26183.28300338  .00035885  00000+0  97136-3 0  9997
2 45225  53.1538 183.8804 0005419  13.1270 346.9874 15.37360585353050
STARLINK-1221
1 45227U 20012BB  26183.75363875  .00036625  00000+0  73850-3 0  9996
2 45227  53.0641  82.7685 0002806  49.2547 310.8702 15.46214595354481
STARLINK-1222
1 45228U 20012BC  26183.61494057  .00028476  00000+0  39405-3 0  9992
2 45228  53.0517 148.8138 0003831  70.6288 289.5137 15.56906857353483
STARLINK-1226
1 45229U 20012BD  26183.68469731  .00049288  00000+0  96920-3 0  9990
2 45229  53.1529 176.4176 0005369  15.9293 344.1883 15.46801428353138
STARLINK-1227
1 45230U 20012BE  26183.69300736  .00052286  00000+0  10236-2 0  9999
2 45230  53.1516 176.4636 0005205  11.2275 348.8848 15.46904024353256
STARLINK-1246
1 45235U 20012BK  26183.52039449  .00022782  00000+0  62324-3 0  9990
2 45235  53.1529 223.7761 0004795 342.0322  18.0512 15.37280317352582
STARLINK-1270
1 45237U 20012BM  26183.20993738  .00066936  00000+0  52543-3 0  9998
2 45237  53.0382 151.9638 0001721 121.0741 239.0445 15.70932748353514
STARLINK-1279
1 45360U 20019A   26183.83336806  .00116413  00000+0  50178-3 0  9996
2 45360  53.0316 249.6224 0004025   8.2148  49.1578 15.84159409  6029
STARLINK-1301
1 45361U 20019B   26183.83336806  .00105186  00000+0  41839-3 0  9996
2 45361  53.0306 251.6678 0005757   5.6651 102.1866 15.85862154  6038
STARLINK-1262
1 45366U 20019G   26183.83315979  .00051300  00000+0  14303-2 0  9992
2 45366  53.1525 348.9377 0002258 186.0084 174.0892 15.36288743347408
STARLINK-1273
1 45367U 20019H   26183.76085399  .00101139  00000+0  11864-2 0  9990
2 45367  53.0435 320.4503 0000547 147.7331 212.3715 15.60719671347778
STARLINK-1277
1 45369U 20019K   26183.07250604  .00070042  00000+0  58098-3 0  9998
2 45369  53.0416 316.3596 0001430   7.5199 352.5838 15.69587619347779
STARLINK-1281
1 45370U 20019L   26183.83116758  .00054881  00000+0  14892-2 0  9991
2 45370  53.1544 348.4348 0002545 149.1360 210.9794 15.37101122347411
STARLINK-1300
1 45374U 20019Q   26183.83401111  .00055974  00000+0  14887-2 0  9993
2 45374  53.1551 348.2286 0002191 164.2707 195.8366 15.37712751347414
STARLINK-1302
1 45375U 20019R   26183.74425198  .00057878  00000+0  47436-3 0  9997
2 45375  53.0459 308.8502 0001855 119.6325 240.4876 15.69954607347933
STARLINK-1304
1 45376U 20019S   26183.74730925  .00046914  00000+0  45731-3 0  9990
2 45376  53.0421 310.8880 0001018 182.4232 177.6777 15.65779333347906
STARLINK-1305
1 45377U 20019T   26183.69112743  .00074280  00000+0  49237-3 0  9999
2 45377  53.0379 288.1149 0005507 340.7997  19.2813 15.74847640348223
STARLINK-1319
1 45379U 20019V   26183.68225914  .00105647  00000+0  50057-3 0  9999
2 45379  53.0356 278.6527 0002480   4.1601 355.9441 15.82194540348358
STARLINK-1266
1 45383U 20019Z   26183.59635558  .00050783  00000+0  44811-3 0  9994
2 45383  53.0433 296.1396 0002813 337.5570  22.5322 15.68210730348096
STARLINK-1267
1 45384U 20019AA  26183.66602595  .00064886  00000+0  47592-3 0  9996
2 45384  53.0415 286.7191 0001453  32.2914 327.8192 15.72557157348239
STARLINK-1272
1 45386U 20019AC  26183.42866403  .00091234  00000+0  54290-3 0  9992
2 45386  53.0384 265.8814 0002076  35.4381 324.6776 15.77241661348509
STARLINK-1274
1 45387U 20019AD  26183.83336806  .00090715  00000+0  84064-3 0  9992
2 45387  53.0170 264.6367 0005494 287.3385 345.5080 15.66748996  5985
STARLINK-1280
1 45388U 20019AE  26183.83336806  .00134176  00000+0  46164-3 0  9992
2 45388  53.0321 269.1557 0005771 359.9592 255.4307 15.88712938  6038
STARLINK-1283
1 45389U 20019AF  26183.50618132  .00048555  00000+0  32629-3 0  9998
2 45389  53.0369 264.5409 0003538 335.0960  24.9887 15.74715858348534
STARLINK-1284
1 45390U 20019AG  26183.67804242  .00066268  00000+0  47699-3 0  9991
2 45390  53.0397 287.8909 0003419  55.2765 304.8575 15.72987136348219
STARLINK-1297
1 45395U 20019AM  26183.81145241  .00093716  00000+0  59071-3 0  9994
2 45395  53.0402 286.1688 0002028  12.5193 347.5876 15.75924610347435
STARLINK-1307
1 45397U 20019AP  26183.58317572  .00031837  00000+0  41648-3 0  9995
2 45397  53.0529 295.8419 0001061 321.6073  38.4863 15.58359067347928
STARLINK-1255
1 45399U 20019AR  26183.60131438  .00042774  00000+0  37977-3 0  9997
2 45399  53.0317 261.8656 0000913 244.3105 115.7816 15.68137384348388
STARLINK-1260
1 45404U 20019AW  26183.75861057  .00052581  00000+0  12862-2 0  9999
2 45404  53.1559 310.9310 0001890 194.6943 165.4008 15.40304144347642
STARLINK-1263
1 45405U 20019AX  26183.64688280  .00049066  00000+0  13241-2 0  9999
2 45405  53.1571 313.2419 0001398 242.6829 117.4032 15.37322179347607
STARLINK-1265
1 45406U 20019AY  26183.61543973  .00047462  00000+0  11472-2 0  9998
2 45406  53.1565 311.5322 0000477 248.3162 111.7793 15.40711414347626
STARLINK-1278
1 45408U 20019BA  26183.44138463  .00089802  00000+0  54339-3 0  9999
2 45408  53.0398 286.7590 0002350  29.8382 330.2771 15.76869843347936
STARLINK-1296
1 45412U 20019BE  26183.65193733  .00036742  00000+0  88640-3 0  9995
2 45412  53.1529 311.0161 0001309 192.8178 167.2794 15.40886294347631
STARLINK-1309
1 45414U 20019BG  26183.73438338  .00073307  00000+0  47366-3 0  9997
2 45414  53.0587 279.5203 0002193  31.5141 328.6009 15.75456515348047
STARLINK-1316
1 45415U 20019BH  26183.61618757  .00055429  00000+0  13144-2 0  9991
2 45415  53.1561 311.0636 0001628 176.0338 184.0680 15.41219448347658
STARLINK-1286
1 45417U 20019BK  26183.57235448  .00062109  00000+0  57426-3 0  9995
2 45417  53.0458 292.8965 0004840 338.4248  21.6562 15.66966366348132
STARLINK-1308
1 45419U 20019BM  26183.63884147  .00053259  00000+0  46855-3 0  9990
2 45419  53.0460 311.7025 0004877 105.1683 254.9872 15.68255209347624
STARLINK-1329
1 45531U 20025A   26183.44095068  .00081046  00000+0  49353-3 0  9998
2 45531  53.0385 234.9404 0003350 348.4476  11.6466 15.76764054343466
STARLINK-1338
1 45532U 20025B   26183.53185464  .00060411  00000+0  42164-3 0  9995
2 45532  53.0411 241.9029 0002579  49.3791 310.7451 15.73748173343375
STARLINK-1350
1 45535U 20025E   26183.78105000  .00039980  00000+0  10129-2 0  9995
2 45535  53.0692 211.4698 0001706  46.3936 313.7209 15.39355482343869
STARLINK-1362
1 45538U 20025H   26183.55210637  .00024994  00000+0  63294-3 0  9997
2 45538  53.1577 284.0002 0003628 302.0176  58.0476 15.39608594342817
STARLINK-1368
1 45540U 20025K   26183.69298888  .00046901  00000+0  11649-2 0  9997
2 45540  53.1555 283.6777 0002525 299.0822  60.9930 15.39888599342821
STARLINK-1371
1 45542U 20025M   26183.56602281  .00037254  00000+0  29606-3 0  9995
2 45542  53.0420 252.1326 0002333  45.3817 314.7390 15.70890820343238
STARLINK-1372
1 45543U 20025N   26183.70926350  .00068026  00000+0  16532-2 0  9992
2 45543  53.1571 283.0212 0002939 283.3143  76.7534 15.40386010341930
STARLINK-1373
1 45544U 20025P   26183.41630238  .00064037  00000+0  46773-3 0  9997
2 45544  53.0428 247.6413 0002867  43.1089 317.0152 15.72658385343280
STARLINK-1327
1 45555U 20025AA  26183.53123492  .00062410  00000+0  42414-3 0  9992
2 45555  53.0379 224.3262 0002344  59.3664 300.7585 15.74354942343619
STARLINK-1356
1 45564U 20025AK  26183.55840941  .00045781  00000+0  41929-3 0  9991
2 45564  53.0404 238.1493 0004113  16.6660 343.4490 15.67334124343425
STARLINK-1357
1 45565U 20025AL  26183.26332581  .00066057  00000+0  48891-3 0  9990
2 45565  53.0411 195.4992 0001410 174.1901 185.9133 15.72336414344006
STARLINK-1361
1 45567U 20025AN  26183.66743928  .00054086  00000+0  42615-3 0  9994
2 45567  53.0396 235.7458 0002417  58.2553 301.8699 15.70929438343476
STARLINK-1376
1 45570U 20025AR  26183.48478363  .00044250  00000+0  10725-2 0  9994
2 45570  53.1550 260.4053 0001493 303.5809  56.5054 15.40659335343137
STARLINK-1320
1 45572U 20025AT  26183.83336806  .00283676  43032-4  68132-3 0  9990
2 45572  53.0361 127.9848 0006247  70.5195  49.4265 15.95997961  5903
STARLINK-1321
1 45573U 20025AU  26183.79576844  .00054225  00000+0  41948-3 0  9999
2 45573  53.0384 218.9108 0002059  59.5502 300.5718 15.71366954343416
STARLINK-1331
1 45578U 20025AZ  26183.82239899  .00064054  00000+0  49825-3 0  9997
2 45578  53.0428 225.7306 0001847  56.2928 303.8264 15.71167826343639
STARLINK-1333
1 45580U 20025BB  26183.51656417  .00045850  00000+0  12297-2 0  9990
2 45580  53.1549 262.3061 0003069 331.6840  28.3996 15.37542523343110
STARLINK-1335
1 45581U 20025BC  26183.71348942  .00044520  00000+0  11247-2 0  9991
2 45581  53.1522 257.7940 0002752 286.7314  73.3389 15.39393137343180
STARLINK-1337
1 45582U 20025BD  26183.79613514  .00085121  00000+0  48361-3 0  9990
2 45582  53.0406 213.5793 0001861  78.0975 282.0254 15.78308284343780
STARLINK-1347
1 45586U 20025BH  26183.25204844  .00063634  00000+0  49355-3 0  9996
2 45586  53.0356 187.9182 0001753  45.7293 314.3867 15.71239894344095
STARLINK-1364
1 45589U 20025BL  26183.81962441  .00066925  00000+0  49921-3 0  9990
2 45589  53.0392 221.6724 0004180  20.8711 339.2476 15.72138691343671
STARLINK-1365
1 45590U 20025BM  26183.48107586  .00051409  00000+0  46660-3 0  9994
2 45590  53.0437 258.7892 0001586  35.8323 324.2798 15.67514290343142
STARLINK-1443
1 45660U 20035D   26183.55772440  .00037728  00000+0  11171-2 0  9994
2 45660  53.1312 251.2617 0001899  29.8814 330.2297 15.34541112336343
STARLINK-1446
1 45663U 20035G   26183.25159685  .00030184  00000+0  55259-3 0  9999
2 45663  53.0201 172.8006 0002271 349.8968  10.1993 15.49101182337390
STARLINK-1448
1 45665U 20035J   26183.76556814  .00080110  00000+0  51286-3 0  9992
2 45665  53.0389 209.0961 0002333  67.7753 292.3513 15.75631945336923
STARLINK-1451
1 45668U 20035M   26183.63631984  .00021665  00000+0  11464-2 0  9996
2 45668  53.0508 264.9061 0001218 348.1720  11.9244 15.15398813336149
