NOAA 15
1 25338U 98030A   26212.21457575  .00000108  00000+0  61854-4 0  9996
2 25338  98.5065 231.6568 0009535 212.6485 147.4108 14.27158480467571
NOAA 20 (JPSS-1)
1 43013U 17073A   26212.05520816  .00000037  00000+0  38644-4 0  9997
2 43013  98.7775 151.1297 0001833 106.3348 253.8030 14.19518996450690
NOAA 21 (JPSS-2)
1 54234U 22150A   26212.15773507  .00000047  00000+0  43146-4 0  9998
2 54234  98.7062 150.2086 0002919  76.4306 283.7195 14.19543430192787
TERRA
1 25994U 99068A   26212.19406860  .00000320  00000+0  74028-4 0  9997
2 25994  97.9429 259.9894 0003699  91.6976   0.4099 14.61134819416036
AQUA
1 27424U 02022A   26212.19839875  .00000681  00000+0  14529-3 0  9996
2 27424  98.4313 182.3690 0001521  99.5659 350.1490 14.62149859289707
AURA
1 28376U 04026A   26212.14921640  .00000686  00000+0  14839-3 0  9995
2 28376  98.3444 168.9746 0001534  92.5890 267.5486 14.61388958172637
LANDSAT 8
1 39084U 13008A   26212.17952878  .00000271  00000+0  70341-4 0  9994
2 39084  98.2278 281.7865 0001288  92.1746 267.9600 14.57103612704301
LANDSAT 9
1 49260U 21088A   26211.80196235  .00000353  00000+0  88475-4 0  9992
2 49260  98.2258 281.4459 0001081 101.2615 258.8705 14.57105330257352
SENTINEL-1A
1 39634U 14016A   26212.18477432  .00000119  00000+0  34878-4 0  9990
2 39634  98.1609 219.0570 0001426  80.5118 279.6243 14.59277569656432
SENTINEL-2A
1 40697U 15028A   26212.13079755 -.00000090  00000+0 -17537-4 0  9999
2 40697  98.5673 286.3539 0001345  91.9537 268.1800 14.30817651580014
SENTINEL-3A
1 41335U 16011A   26212.18796959  .00000092  00000+0  56071-4 0  9995
2 41335  98.6225 278.9338 0001188  86.4834 273.6483 14.26738115544331
SENTINEL-5P
1 42969U 17064A   26211.83261171  .00000033  00000+0  36701-4 0  9995
2 42969  98.7933 153.6558 0001243  90.7017 269.4301 14.19525561455758
ISS (ZARYA)
1 25544U 98067A   26212.11974625  .00008690  00000+0  16406-3 0  9990
2 25544  51.6317  82.6819 0007117 356.3115   3.7820 15.49277094578568
CSS (TIANHE)
1 48274U 21035A   26212.04472080  .00021617  00000+0  27734-3 0  9996
2 48274  41.4687  55.7361 0001081 287.8102  72.2618 15.58621958300012
HST
1 20580U 90037B   26211.94792096  .00006179  00000+0  19156-3 0  9999
2 20580  28.4725 141.3746 0001682 276.4966  83.5438 15.31215474795283
CYGFM05
1 41884U 16078A   26211.76239432  .00026678  00000+0  33621-3 0  9991
2 41884  34.9579 331.6362 0005943 203.7321 156.3130 15.58577181535557
CYGFM04
1 41885U 16078B   26211.65338707  .00032943  00000+0  33596-3 0  9998
2 41885  34.9325 297.7384 0005075 244.5070 115.5131 15.64013492535806
CYGFM02
1 41886U 16078C   26211.31001147  .00037888  00000+0  33620-3 0  9998
2 41886  34.9403 293.2162 0005652 243.2342 116.7808 15.67448864535934
LEGION 3
1 60452U 24146A   26212.15440538  .00003521  00000+0  19498-3 0  9991
2 60452  45.0003 154.8402 0006579  69.3203 290.8380 15.15755428108692
JASON-3
1 41240U 16002A   26212.19691047 -.00000048  00000+0  55693-4 0  9994
2 41240  66.0419  33.3079 0008109 269.2153  90.7937 12.87629319492918
SENTINEL-6A
1 46984U 20086A   26211.88607862 -.00000053  00000+0  32958-4 0  9993
2 46984  66.0412  44.2884 0007755 269.3819  90.6307 12.80930428265920
SWOT
1 54754U 22173A   26212.14695696  .00000019  00000+0  14623-4 0  9998
2 54754  77.6126 335.9652 0000131  59.9328 300.1837 14.00169732185302
SWARM B
1 39451U 13067A   26212.18938801  .00003373  00000+0  11928-3 0  9999
2 39451  87.7479 328.9533 0002303  98.2850 261.8660 15.28814660689967
SWARM A
1 39452U 13067B   26212.15683127  .00008939  00000+0  15822-3 0  9995
2 39452  87.3292  39.8914 0002969  78.7046 281.4548 15.50115046713065
TIMED
1 26998U 01055B   26212.16424692  .00001121  00000+0  10515-3 0  9991
2 26998  74.0681 146.4671 0002471 282.4400  77.6508 14.95377872337396
CRYOSAT 2
1 36508U 10013A   26212.19041914  .00000138  00000+0  33428-4 0  9994
2 36508  92.0347 287.9982 0002657  97.0785 263.0724 14.51901573864468
RESURS-DK 1
1 29228U 06021A   26211.19854192  .00001939  00000+0  11451-3 0  9999
2 29228  69.9301 228.1982 0007695 256.5622 103.4687 15.13369120109088
IRIDIUM 33
1 24946U 97051C   26211.86905057  .00000215  00000+0  68343-4 0  9994
2 24946  86.3910 331.6235 0008127 167.8763 192.2630 14.35164610511352
IRIDIUM 33 DEB
1 33773U 97051L   26211.85574500  .00000852  00000+0  24476-3 0  9991
2 33773  86.4043 323.0584 0013313 109.7180 250.5458 14.43714821916675
IRIDIUM 33 DEB
1 33775U 97051N   26212.06367222  .00001158  00000+0  34576-3 0  9990
2 33775  86.3651 311.1863 0015204 119.3436   0.9323 14.42124958914593
IRIDIUM 33 DEB
1 33776U 97051P   26211.86555904  .00000722  00000+0  22929-3 0  9999
2 33776  86.4076 344.0986 0015440 154.8513 327.4475 14.38590000913908
IRIDIUM 33 DEB
1 33777U 97051Q   26211.72113578  .00003520  00000+0  77633-3 0  9993
2 33777  86.3786 295.0501 0006644 181.5401 178.5788 14.57129214918816
IRIDIUM 33 DEB
1 33850U 97051T   26211.74971707  .00000962  00000+0  28272-3 0  9995
2 33850  86.3409 291.2405 0013828 125.1943 357.3256 14.42764757914687
IRIDIUM 33 DEB
1 33860U 97051AD  26211.24523153  .00005144  00000+0  84132-3 0  9993
2 33860  86.3812 285.3458 0005844 256.4628 160.9819 14.70664340920920
IRIDIUM 33 DEB
1 33862U 97051AF  26211.75198272  .00003547  00000+0  52829-3 0  9994
2 33862  86.4089 295.6881 0046546 352.9355 128.7287 14.73889577922079
IRIDIUM 33 DEB
1 33866U 97051AK  26211.89326347  .00004010  00000+0  15432-2 0  9993
2 33866  86.3038 355.5533 0114599 141.2874 342.1549 14.26582542900906
IRIDIUM 33 DEB
1 33953U 97051BN  26211.73703426  .00003271  00000+0  71582-3 0  9997
2 33953  86.3875 313.7990 0017526  51.7547 100.9770 14.57376494916510
IRIDIUM 33 DEB
1 33960U 97051BV  26212.17886028  .00012930  00000+0  11748-2 0  9993
2 33960  86.2572 179.8837 0003956  67.4605 302.9749 14.95154928923014
IRIDIUM 33 DEB
1 34071U 97051CE  26211.93605083  .00001532  00000+0  38625-3 0  9990
2 34071  86.3428 277.6833 0009529  70.1043 290.1187 14.50499721916707
IRIDIUM 33 DEB
1 34077U 97051CL  26211.80367992  .00006926  00000+0  11897-2 0  9999
2 34077  86.3868 309.8357 0006701 322.5855 156.9893 14.68544732917058
IRIDIUM 33 DEB
1 34079U 97051CN  26211.16464193  .00012309  00000+0  12537-2 0  9995
2 34079  86.3710 263.6156 0004738 219.0355 194.4520 14.90617140923884
IRIDIUM 33 DEB
1 34088U 97051CX  26211.74422706  .00033046  00000+0  22046-2 0  9990
2 34088  86.3733 283.6237 0005256 105.7592  21.7981 15.06891410921884
IRIDIUM 33 DEB
1 34521U 97051HN  26211.23139430  .00004499  00000+0  81441-3 0  9990
2 34521  86.3780 289.2609 0003883 163.6296 196.5043 14.66164239918323
COSMOS 2251 DEB
1 33757U 93036E   26211.85216644  .00000063  00000+0  32704-4 0  9992
2 33757  74.0357 263.5163 0015587 228.5106 248.6703 14.32631815912915
COSMOS 2251 DEB
1 33758U 93036F   26212.15884465  .00002579  00000+0  63026-3 0  9993
2 33758  74.0283 140.4358 0016240 159.7550 265.7836 14.53025956916500
COSMOS 2251 DEB
1 33760U 93036H   26211.08119389  .00000168  00000+0  67086-4 0  9996
2 33760  74.0296 220.5028 0021758 267.1302 148.8037 14.35797915914165
COSMOS 2251 DEB
1 33761U 93036J   26211.07469806  .00001001  00000+0  30527-3 0  9994
2 33761  74.0348 186.4310 0023845 217.8313 216.3284 14.43118904915420
COSMOS 2251 DEB
1 33762U 93036K   26211.21320373  .00000052  00000+0  28171-4 0  9994
2 33762  74.0397 250.4778 0016442 261.3042 166.7108 14.33725763913363
COSMOS 2251 DEB
1 33764U 93036M   26212.22732286  .00000624  00000+0  20617-3 0  9999
2 33764  74.0314 206.8847 0020519 116.6646 255.6503 14.39924022914743
COSMOS 2251 DEB
1 33765U 93036N   26211.90415542  .00057012  00000+0  20837-2 0  9993
2 33765  73.9984  50.7393 0049273  84.3354 276.3462 15.26652143931126
COSMOS 2251 DEB
1 33766U 93036P   26211.88299090  .00001019  00000+0  35411-3 0  9990
2 33766  74.1851  76.7920 0063539 214.7537 144.9459 14.35600996910479
COSMOS 2251 DEB
1 33768U 93036R   26211.27278470  .00000231  00000+0  22378-3 0  9997
2 33768  74.0667 209.3314 0368032 316.0695  53.1949 13.58630888864136
COSMOS 2251 DEB
1 33779U 93036U   26212.01189994  .00010799  00000+0  15850-2 0  9990
2 33779  74.0430  82.1496 0014919  67.6612 359.7714 14.75527639919195
COSMOS 2251 DEB
1 33819U 93036BL  26211.93354514  .00001681  00000+0  59660-3 0  9995
2 33819  74.1794 153.1749 0089604 308.8931 112.5246 14.32981988907928
COSMOS 2251 DEB
1 33821U 93036BN  26212.18092596  .00033815  00000+0  79044-3 0  9997
2 33821  74.0249   9.4550 0033850 340.8414  19.1518 15.41395496785339
COSMOS 2251 DEB
1 33822U 93036BP  26211.92112500  .00001467  00000+0  69995-3 0  9999
2 33822  74.0681 146.8360 0150592 138.0145 289.5702 14.14288976893078
COSMOS 2251 DEB
1 33823U 93036BQ  26211.84701538  .00000831  00000+0  48811-3 0  9994
2 33823  73.8091 105.8631 0208025 191.1468 244.3590 13.99424861888288
COSMOS 2251 DEB
1 33825U 93036BS  26211.73835838  .00005885  00000+0  87363-3 0  9994
2 33825  73.9839 299.0831 0076698 211.7780 308.3201 14.73255430922639
COSMOS 2251 DEB
1 33826U 93036BT  26211.72857425  .00001329  00000+0  30424-3 0  9995
2 33826  74.0643 336.4304 0083359 324.5405 147.5190 14.54571764911105
COSMOS 2251 DEB
1 33828U 93036BV  26212.18587645  .00000901  00000+0  26476-3 0  9999
2 33828  74.0458 169.3056 0029059 190.2126 183.4988 14.44957643916419
COSMOS 2251 DEB
1 33830U 93036BX  26212.12975882  .00003745  00000+0  49876-3 0  9998
2 33830  74.0317 137.6028 0042410 202.0471 289.2776 14.79423081928767
COSMOS 2251 DEB
1 33832U 93036BZ  26211.84061308  .00004695  00000+0  90983-3 0  9997
2 33832  74.0548 129.8174 0021833 108.1202 309.0966 14.63404796917882
COSMOS 2251 DEB
1 33835U 93036CC  26211.84588053  .00002541  00000+0  47853-3 0  9997
2 33835  74.0564  20.2034 0054776  13.7435 102.5588 14.64162492921553
COSMOS 2251 DEB
1 33836U 93036CD  26211.93250066  .00008098  00000+0  98077-3 0  9995
2 33836  73.9960 163.1260 0024356 308.4838 107.8938 14.83574813674986
COSMOS 2251 DEB
1 33837U 93036CE  26211.78816785  .00000949  00000+0  24471-3 0  9999
2 33837  74.0136 342.3145 0033498 148.6468 211.6699 14.51133403921329
COSMOS 2251 DEB
1 33838U 93036CF  26211.76670395  .00001087  00000+0  29274-3 0  9993
2 33838  74.0359  78.7885 0026412 144.3785 289.3638 14.48964901919009
COSMOS 2251 DEB
1 33839U 93036CG  26212.12962014  .00000806  00000+0  14892-3 0  9995
2 33839  74.0394 123.5404 0083873 178.1592 251.3304 14.64989144929532
COSMOS 2251 DEB
1 33911U 93036DQ  26211.80106204  .00008256  00000+0  10824-2 0  9998
2 33911  74.0886  71.6242 0009964 298.9740 186.0989 14.80429777920439
COSMOS 2251 DEB
1 33912U 93036DR  26211.82587534  .00002377  00000+0  58011-3 0  9999
2 33912  74.0344 115.7790 0010700 146.5165 274.7950 14.53176159917742
COSMOS 2251 DEB
1 33913U 93036DS  26211.84133904  .00001248  00000+0  32946-3 0  9995
2 33913  74.0336 112.2000 0047203 159.3477 277.1532 14.49314017917909
COSMOS 2251 DEB
1 33914U 93036DT  26211.90366535  .00000297  00000+0  25039-3 0  9999
2 33914  74.0911 355.6515 0303632  44.9706  70.3337 13.72259826872387
COSMOS 2251 DEB
1 33915U 93036DU  26211.77675558  .00000761  00000+0  25622-3 0  9997
2 33915  74.0441 332.2908 0106192   7.6746 115.1908 14.35659865910589
COSMOS 2251 DEB
1 33916U 93036DV  26211.91479241  .00000429  00000+0  36097-3 0  9994
2 33916  74.0513  22.3345 0324034 143.0892 337.2835 13.68798023870403
COSMOS 2251 DEB
1 33917U 93036DW  26211.78437905  .00000483  00000+0  38774-3 0  9995
2 33917  74.1049 104.9799 0333684 151.5934 210.3836 13.69929263868830
COSMOS 2251 DEB
1 33920U 93036DZ  26211.02895941  .00005033  00000+0  10146-2 0  9992
2 33920  74.0573 221.4613 0031995 179.1188 181.0041 14.61421305914619
