NOAA 15
1 25338U 98030A   26205.55418153  .00000097  00000+0  57148-4 0  9992
2 25338  98.5065 225.1766 0009220 233.8633 126.1696 14.27156344466628
NOAA 20 (JPSS-1)
1 43013U 17073A   26205.57049164  .00000046  00000+0  42880-4 0  9995
2 43013  98.7772 144.7022 0001683 113.8370 246.2983 14.19517866449777
NOAA 21 (JPSS-2)
1 54234U 22150A   26205.53215318  .00000037  00000+0  38099-4 0  9993
2 54234  98.7060 143.6942 0002938  88.1588 271.9925 14.19542308191844
TERRA
1 25994U 99068A   26205.63307623  .00000357  00000+0  81539-4 0  9990
2 25994  97.9435 253.6905 0003675 104.2378  57.1876 14.61129509415073
AQUA
1 27424U 02022A   26205.56095492  .00000739  00000+0  15674-3 0  9994
2 27424  98.4304 175.5966 0001394 102.1576 350.5359 14.62139500288736
AURA
1 28376U 04026A   26205.57621223  .00000731  00000+0  15760-3 0  9993
2 28376  98.3436 162.3447 0001459  93.8907 266.2460 14.61378783171679
LANDSAT 8
1 39084U 13008A   26205.51853858  .00000300  00000+0  76736-4 0  9999
2 39084  98.2283 275.2067 0001335  91.6347 268.5005 14.57099195703331
LANDSAT 9
1 49260U 21088A   26205.48432800  .00000319  00000+0  81003-4 0  9992
2 49260  98.2262 275.2066 0001092  94.8373 265.2951 14.57100692256431
SENTINEL-1A
1 39634U 14016A   26205.60189100  .00000129  00000+0  37089-4 0  9999
2 39634  98.1656 212.5817 0001451  83.8777 276.2589 14.59174358655472
SENTINEL-2A
1 40697U 15028A   26205.62729931  .00000184  00000+0  86999-4 0  9993
2 40697  98.5671 279.9448 0001359  95.4074 264.7264 14.30816795579088
SENTINEL-3A
1 41335U 16011A   26205.59576300  .00000090  00000+0  55329-4 0  9991
2 41335  98.6230 272.4383 0001282  86.8960 273.2367 14.26736375543393
SENTINEL-5P
1 42969U 17064A   26205.41841300  .00000037  00000+0  38574-4 0  9994
2 42969  98.7929 147.2866 0001210  92.3107 267.8208 14.19524538454846
ISS (ZARYA)
1 25544U 98067A   26205.47558714  .00010646  00000+0  20005-3 0  9992
2 25544  51.6316 115.5643 0006921 332.7863  27.2762 15.49141208577537
CSS (TIANHE)
1 48274U 21035A   26205.57249906  .00011901  00000+0  15635-3 0  9997
2 48274  41.4686  94.9883 0001485 311.6555  48.4155 15.58348664299008
HST
1 20580U 90037B   26205.16944587  .00006660  00000+0  20754-3 0  9991
2 20580  28.4719 187.7352 0001885 189.8128 170.2431 15.31135105794249
CYGFM05
1 41884U 16078A   26205.54868082  .00028664  00000+0  36577-3 0  9999
2 41884  34.9576  12.8887 0005396 140.9548 219.1568 15.58241148534585
CYGFM04
1 41885U 16078B   26205.58884013  .00037156  00000+0  38502-3 0  9992
2 41885  34.9333 338.3393 0004608 190.0374 170.0260 15.63595135534851
CYGFM02
1 41886U 16078C   26205.64088489  .00044308  00000+0  40031-3 0  9990
2 41886  34.9413 331.3599 0005303 191.4248 168.6359 15.66984538535046
LEGION 3
1 60452U 24146A   26205.43196093  .00004260  00000+0  23335-3 0  9994
2 60452  44.9997 190.8766 0007156  26.3270 333.7971 15.15700676107679
JASON-3
1 41240U 16002A   26205.59497916 -.00000048  00000+0  55307-4 0  9991
2 41240  66.0415  47.1889 0008117 270.0012  90.0077 12.87629014492065
SENTINEL-6A
1 46984U 20086A   26205.56192984 -.00000050  00000+0  45977-4 0  9997
2 46984  66.0410  57.4247 0007773 269.5307  90.4818 12.80930320265118
SWOT
1 54754U 22173A   26205.64461664  .00000065  00000+0  45494-4 0  9992
2 54754  77.6121 344.7419 0000196  74.6495 285.4679 14.00169324184390
SWARM B
1 39451U 13067A   26205.57825651  .00003968  00000+0  14078-3 0  9991
2 39451  87.7466 330.9598 0002254  92.9756 267.1751 15.28767381688953
SWARM A
1 39452U 13067B   26205.57220238  .00010510  00000+0  18599-3 0  9995
2 39452  87.3302  42.3386 0002830  74.3084 285.8489 15.50139551712046
TIMED
1 26998U 01055B   26205.60789521  .00001202  00000+0  11253-3 0  9997
2 26998  74.0677 159.6688 0002408 290.0870  70.0055 14.95361601336410
CRYOSAT 2
1 36508U 10013A   26205.57408805  .00000081  00000+0  19266-4 0  9995
2 36508  92.0352 286.3904 0002541  98.5652 261.5843 14.51900238863508
RESURS-DK 1
1 29228U 06021A   26205.51418809  .00001868  00000+0  11060-3 0  9996
2 29228  69.9298 242.9168 0007612 261.4334  98.5970 15.13346343108223
IRIDIUM 33
1 24946U 97051C   26205.45456675  .00000236  00000+0  75658-4 0  9999
2 24946  86.3904 334.3142 0007337 188.3614 171.7462 14.35162149510435
IRIDIUM 33 DEB
1 33773U 97051L   26205.61782148  .00000912  00000+0  26255-3 0  9991
2 33773  86.4040 325.7014 0013007 127.1089 233.1303 14.43704091915775
IRIDIUM 33 DEB
1 33775U 97051N   26205.59946939  .00001286  00000+0  38501-3 0  9992
2 33775  86.3651 313.9475 0014823 137.5596 284.3736 14.42109547913667
IRIDIUM 33 DEB
1 33776U 97051P   26205.45626223  .00000719  00000+0  22843-3 0  9991
2 33776  86.4067 346.7897 0014670 174.7536 255.4583 14.38580920912985
IRIDIUM 33 DEB
1 33777U 97051Q   26205.54052460  .00003779  00000+0  83460-3 0  9999
2 33777  86.3788 297.7439 0005850 203.0831 157.0115 14.57088074917916
IRIDIUM 33 DEB
1 33850U 97051T   26205.28720956  .00000855  00000+0  25047-3 0  9993
2 33850  86.3412 294.0217 0013312 143.8915 274.1803 14.42753130913751
IRIDIUM 33 DEB
1 33860U 97051AD  26205.25691450  .00006565  00000+0  10761-2 0  9997
2 33860  86.3813 288.0107 0005529 286.4428 127.9123 14.70601156920043
IRIDIUM 33 DEB
1 33862U 97051AF  26205.55291653  .00004380  00000+0  65329-3 0  9997
2 33862  86.4088 298.4399 0047526  14.8345 356.6068 14.73847391921161
IRIDIUM 33 DEB
1 33866U 97051AK  26205.42674269  .00004409  00000+0  17008-2 0  9997
2 33866  86.3026 358.2939 0114002 161.7331 253.0723 14.26529594899984
IRIDIUM 33 DEB
1 33953U 97051BN  26205.33274834  .00003552  00000+0  77833-3 0  9999
2 33953  86.3868 316.5855 0018114  71.2925 343.1583 14.57337009915582
IRIDIUM 33 DEB
1 33960U 97051BV  26204.37512737  .00014292  00000+0  13062-2 0  9993
2 33960  86.2566 183.6147 0004416  71.0845  86.4507 14.94925103921848
IRIDIUM 33 DEB
1 34071U 97051CE  26205.24436332  .00001601  00000+0  40417-3 0  9995
2 34071  86.3432 280.5972 0009870  87.4057 272.8278 14.50479189915730
IRIDIUM 33 DEB
1 34077U 97051CL  26205.31777015  .00008887  00000+0  15303-2 0  9993
2 34077  86.3859 312.7087 0007339 351.1157  62.4463 14.68454183916101
IRIDIUM 33 DEB
1 34079U 97051CN  26205.61272411  .00015538  00000+0  15881-2 0  9990
2 34079  86.3720 266.1711 0003925 244.5947 277.2799 14.90479465923050
IRIDIUM 33 DEB
1 34088U 97051CX  26205.29085051  .00049468  00000+0  33345-2 0  9990
2 34088  86.3748 286.6675 0005792 127.4396 300.8113 15.06433270920914
IRIDIUM 33 DEB
1 34521U 97051HN  26205.22531336  .00005697  00000+0  10335-2 0  9997
2 34521  86.3783 291.9169 0003125 178.9397 181.1824 14.66109088917447
COSMOS 2251 DEB
1 33757U 93036E   26205.64418883  .00000052  00000+0  28581-4 0  9997
2 33757  74.0366 274.8502 0015723 240.5635 271.9781 14.32630829912021
COSMOS 2251 DEB
1 33758U 93036F   26205.55938980  .00002886  00000+0  70478-3 0  9991
2 33758  74.0274 152.8937 0016379 174.7575 304.2457 14.52991058915542
COSMOS 2251 DEB
1 33760U 93036H   26205.51911391  .00000164  00000+0  65582-4 0  9995
2 33760  74.0296 230.7134 0021730 278.0820 199.7458 14.35795644913362
COSMOS 2251 DEB
1 33761U 93036J   26205.40499088  .00001065  00000+0  32431-3 0  9995
2 33761  74.0342 196.9599 0024030 229.4041 281.3814 14.43107760914601
COSMOS 2251 DEB
1 33762U 93036K   26205.50092036  .00000047  00000+0  26243-4 0  9993
2 33762  74.0403 260.9222 0016433 272.3560 204.0508 14.33724845912547
COSMOS 2251 DEB
1 33764U 93036M   26205.50864985  .00000665  00000+0  21940-3 0  9999
2 33764  74.0312 219.2999 0020654 131.3268 347.3863 14.39914932913770
COSMOS 2251 DEB
1 33765U 93036N   26205.61159649  .00054493  00000+0  20327-2 0  9991
2 33765  74.0002  64.0874 0050814  99.6811 261.0134 15.25922787930164
COSMOS 2251 DEB
1 33766U 93036P   26205.61123677  .00001000  00000+0  34773-3 0  9991
2 33766  74.1856  88.1941 0063743 227.8955 131.6770 14.35588272909570
COSMOS 2251 DEB
1 33768U 93036R   26205.47726939  .00000221  00000+0  21507-3 0  9992
2 33768  74.0664 218.6890 0367965 326.6954 146.9624 13.58627785863349
COSMOS 2251 DEB
1 33779U 93036U   26205.11360047  .00016982  00000+0  24969-2 0  9994
2 33779  74.0437  95.6340 0014664  82.3179  79.3245 14.75365499918173
COSMOS 2251 DEB
1 33819U 93036BL  26205.59160016  .00001813  00000+0  64294-3 0  9998
2 33819  74.1786 164.6595 0089661 321.9833 156.5363 14.32958872907019
COSMOS 2251 DEB
1 33821U 93036BN  26205.49464213  .00041141  00000+0  97766-3 0  9994
2 33821  74.0246  23.9418 0033093 357.7164   2.3887 15.40890586784306
COSMOS 2251 DEB
1 33822U 93036BP  26204.83977844  .00001490  00000+0  71087-3 0  9992
2 33822  74.0677 159.3613 0150602 152.4531 235.4048 14.14265738892077
COSMOS 2251 DEB
1 33823U 93036BQ  26205.50475146  .00000771  00000+0  45451-3 0  9993
2 33823  73.8097 116.9869 0208217 203.4305 332.5357 13.99414884887396
COSMOS 2251 DEB
1 33825U 93036BS  26205.47575285  .00006147  00000+0  91365-3 0  9994
2 33825  73.9836 311.3274 0076909 225.2480 214.3551 14.73183000921712
COSMOS 2251 DEB
1 33826U 93036BT  26205.45912573  .00001121  00000+0  25787-3 0  9990
2 33826  74.0640 348.2712 0083120 338.1560  77.8512 14.54556154910192
COSMOS 2251 DEB
1 33828U 93036BV  26205.62939992  .00000986  00000+0  28913-3 0  9997
2 33828  74.0451 181.5092 0029343 204.1946 277.7145 14.44945029915460
COSMOS 2251 DEB
1 33830U 93036BX  26205.57849284  .00004910  00000+0  65302-3 0  9992
2 33830  74.0308 150.4978 0042670 216.6444 318.3784 14.79367618927791
COSMOS 2251 DEB
1 33832U 93036BZ  26205.29610456  .00005730  00000+0  11106-2 0  9993
2 33832  74.0542 142.3577 0021788 122.8630  31.1942 14.63341812916920
COSMOS 2251 DEB
1 33835U 93036CC  26205.47392623  .00003363  00000+0  63175-3 0  9993
2 33835  74.0563  32.4297 0054592  27.8065 356.2924 14.64128930920627
COSMOS 2251 DEB
1 33836U 93036CD  26205.41072029  .00009923  00000+0  12036-2 0  9990
2 33836  73.9949 176.0743 0024447 322.7140 197.6204 14.83461729674016
COSMOS 2251 DEB
1 33837U 93036CE  26205.44567058  .00000876  00000+0  22629-3 0  9993
2 33837  74.0130 354.2631 0033795 162.2092 198.0261 14.51121579920402
COSMOS 2251 DEB
1 33838U 93036CF  26205.15524219  .00000966  00000+0  26101-3 0  9993
2 33838  74.0365  91.1826 0026580 158.7760   1.9852 14.48951271918043
COSMOS 2251 DEB
1 33839U 93036CG  26205.51495664  .00000790  00000+0  14599-3 0  9998
2 33839  74.0394 136.2609 0084164 192.5714 285.9894 14.64978253928568
COSMOS 2251 DEB
1 33911U 93036DQ  26205.63306752  .00010271  00000+0  13485-2 0  9998
2 33911  74.0893  83.7422 0009959 312.2671  75.2125 14.80322613919528
COSMOS 2251 DEB
1 33912U 93036DR  26205.23400928  .00002215  00000+0  54133-3 0  9990
2 33912  74.0337 128.2209 0010862 161.6555 349.2032 14.53146678916783
COSMOS 2251 DEB
1 33913U 93036DS  26205.22923284  .00001315  00000+0  34686-3 0  9996
2 33913  74.0340 124.6036 0047410 173.6152 338.2712 14.49297676916942
COSMOS 2251 DEB
1 33914U 93036DT  26205.47723713  .00000377  00000+0  31339-3 0  9998
2 33914  74.0903   6.2478 0303581  57.0949   2.9201 13.72255096871501
COSMOS 2251 DEB
1 33915U 93036DU  26205.34709212  .00000742  00000+0  25008-3 0  9995
2 33915  74.0437 344.0849 0105993  21.1458   4.2928 14.35649820909665
COSMOS 2251 DEB
1 33916U 93036DV  26204.97965995  .00000422  00000+0  35596-3 0  9994
2 33916  74.0508  33.7331 0324132 156.0192   3.3021 13.68791285869458
COSMOS 2251 DEB
1 33917U 93036DW  26205.13899752  .00000300  00000+0  24667-3 0  9993
2 33917  74.1055 115.8876 0333903 164.0844 197.1083 13.69923414867924
COSMOS 2251 DEB
1 33920U 93036DZ  26205.48400432  .00005206  00000+0  10503-2 0  9991
2 33920  74.0581 232.0509 0032214 190.9424 169.1047 14.61367984913804
