NOAA 15
1 25338U 98030A   26213.96730965  .00000107  00000+0  61346-4 0  9991
2 25338  98.5064 233.3622 0009629 207.2106 152.8572 14.27159051467822
NOAA 20 (JPSS-1)
1 43013U 17073A   26213.88784452  .00000051  00000+0  45081-4 0  9996
2 43013  98.7775 152.9462 0001872 104.0032 256.1353 14.19519374450955
NOAA 21 (JPSS-2)
1 54234U 22150A   26213.91985687  .00000052  00000+0  45202-4 0  9998
2 54234  98.7062 151.9413 0002895  73.5380 286.6114 14.19543777193038
TERRA
1 25994U 99068A   26213.83680101  .00000355  00000+0  81135-4 0  9996
2 25994  97.9428 261.5665 0003687  88.3221 359.5362 14.61136267416279
AQUA
1 27424U 02022A   26213.96907837  .00000685  00000+0  14608-3 0  9998
2 27424  98.4315 184.1758 0001563  99.2673 305.3505 14.62152763289968
AURA
1 28376U 04026A   26213.92939697  .00000687  00000+0  14861-3 0  9999
2 28376  98.3446 170.7702 0001559  91.7906 268.3473 14.61391846172891
LANDSAT 8
1 39084U 13008A   26213.89627540  .00000269  00000+0  69736-4 0  9992
2 39084  98.2276 283.4823 0001279  92.2779 267.8566 14.57104779704551
LANDSAT 9
1 49260U 21088A   26213.93072596  .00000293  00000+0  75111-4 0  9997
2 49260  98.2256 283.5483 0001106 102.0959 258.0363 14.57106566257666
SENTINEL-1A
1 39634U 14016A   26213.96753510 -.00000043  00000+0  56404-6 0  9999
2 39634  98.1610 220.8103 0001377  83.9677 276.1680 14.59277674656690
SENTINEL-2A
1 40697U 15028A   26213.94897779 -.00000009  00000+0  13097-4 0  9999
2 40697  98.5668 288.1462 0001342  93.4126 266.7210 14.30818519580272
SENTINEL-3A
1 41335U 16011A   26213.94121454  .00000090  00000+0  55067-4 0  9994
2 41335  98.6223 280.6613 0001169  86.2377 273.8937 14.26738606544582
SENTINEL-5P
1 42969U 17064A   26213.80621043  .00000056  00000+0  47643-4 0  9994
2 42969  98.7934 155.6156 0001252  90.1658 269.9662 14.19525930456037
ISS (ZARYA)
1 25544U 98067A   26213.79682580  .00007322  00000+0  13941-3 0  9993
2 25544  51.6314  74.3802 0007140   2.2740 357.8280 15.49304641578823
CSS (TIANHE)
1 48274U 21035A   26213.90287901  .00018530  00000+0  23782-3 0  9997
2 48274  41.4686  44.4635 0001014 283.9033  76.1692 15.58689136300305
HST
1 20580U 90037B   26213.83800970  .00006005  00000+0  18582-3 0  9990
2 20580  28.4729 128.4490 0001738 302.6516  57.3912 15.31237463795574
CYGFM05
1 41884U 16078A   26213.68389535  .00024716  00000+0  31048-3 0  9996
2 41884  34.9576 318.8751 0006181 220.9493 139.0769 15.58670420535858
CYGFM04
1 41885U 16078B   26213.56817721  .00030453  00000+0  30924-3 0  9994
2 41885  34.9318 284.9131 0005095 260.2681  99.7469 15.64132613536109
CYGFM02
1 41886U 16078C   26213.85739588  .00034330  00000+0  30245-3 0  9995
2 41886  34.9396 276.0671 0005643 264.7570  95.2514 15.67638467536330
LEGION 3
1 60452U 24146A   26213.93383569  .00004053  00000+0  22226-3 0  9992
2 60452  45.0005 145.3008 0006563  81.4222 278.7400 15.15770148108964
JASON-3
1 41240U 16002A   26213.90564537 -.00000054  00000+0  34145-4 0  9993
2 41240  66.0421  29.7151 0008105 269.0707  90.9383 12.87629371493130
SENTINEL-6A
1 46984U 20086A   26213.91605205 -.00000065  00000+0 -18238-4 0  9997
2 46984  66.0413  40.0716 0007763 269.3388  90.6738 12.80930439266188
SWOT
1 54754U 22173A   26213.93332279  .00000285  00000+0  19502-3 0  9996
2 54754  77.6127 333.5540 0000110  69.6939 290.4224 14.00170686185554
SWARM B
1 39451U 13067A   26213.95668569  .00003378  00000+0  11943-3 0  9998
2 39451  87.7478 328.4173 0002325  99.9754 260.1758 15.28826948690230
SWARM A
1 39452U 13067B   26213.89995953  .00008814  00000+0  15637-3 0  9996
2 39452  87.3297  39.2440 0003044  85.7588 274.4020 15.50045658713330
TIMED
1 26998U 01055B   26213.90367464  .00001189  00000+0  11127-3 0  9991
2 26998  74.0682 142.9646 0002490 281.0913  78.9991 14.95382674337650
CRYOSAT 2
1 36508U 10013A   26213.91342089  .00000161  00000+0  39270-4 0  9999
2 36508  92.0344 288.4169 0002684  96.3244 263.8269 14.51902082864716
RESURS-DK 1
1 29228U 06021A   26213.44582029  .00001911  00000+0  11291-3 0  9998
2 29228  69.9303 222.3796 0007651 254.7533 105.2787 15.13378169109424
IRIDIUM 33
1 24946U 97051C   26213.82128242  .00000218  00000+0  69342-4 0  9998
2 24946  86.3912 330.8049 0008372 162.1583 197.9909 14.35165419511638
IRIDIUM 33 DEB
1 33773U 97051L   26213.79642279  .00000879  00000+0  25274-3 0  9991
2 33773  86.4044 322.2364 0013365 104.3638 255.9048 14.43718126916956
IRIDIUM 33 DEB
1 33775U 97051N   26213.79911605  .00001225  00000+0  36621-3 0  9999
2 33775  86.3651 310.4450 0015248 114.5206   9.8505 14.42129374914842
IRIDIUM 33 DEB
1 33776U 97051P   26213.88220145  .00000698  00000+0  22139-3 0  9994
2 33776  86.4078 343.2520 0015656 148.7728 330.9456 14.38592749914196
IRIDIUM 33 DEB
1 33777U 97051Q   26213.71263008  .00003319  00000+0  73158-3 0  9992
2 33777  86.3781 294.1821 0006894 175.2203 184.9072 14.57141249919105
IRIDIUM 33 DEB
1 33850U 97051T   26213.97883623  .00000875  00000+0  25644-3 0  9994
2 33850  86.3406 290.2811 0013961 118.9954  54.1105 14.42768433915001
IRIDIUM 33 DEB
1 33860U 97051AD  26213.70755125  .00005024  00000+0  82114-3 0  9997
2 33860  86.3803 284.2500 0006104 244.9877 240.5332 14.70688551921289
IRIDIUM 33 DEB
1 33862U 97051AF  26213.72074527  .00003181  00000+0  47341-3 0  9996
2 33862  86.4083 294.8141 0046256 345.8855 135.2232 14.73900643922360
IRIDIUM 33 DEB
1 33866U 97051AK  26213.92731818  .00003897  00000+0  14988-2 0  9999
2 33866  86.3042 354.6916 0114718 134.8689 348.3702 14.26598297901196
IRIDIUM 33 DEB
1 33953U 97051BN  26213.79245677  .00003008  00000+0  65773-3 0  9997
2 33953  86.3872 312.9049 0017291  45.3804  84.3145 14.57387694916815
IRIDIUM 33 DEB
1 33960U 97051BV  26213.92714709  .00013913  00000+0  12626-2 0  9991
2 33960  86.2578 179.0473 0003829  66.9797 347.5921 14.95204287923272
IRIDIUM 33 DEB
1 34071U 97051CE  26213.93663940  .00001440  00000+0  36276-3 0  9996
2 34071  86.3425 276.8121 0009372  64.8068 295.4108 14.50505376916994
IRIDIUM 33 DEB
1 34077U 97051CL  26213.71108880  .00006676  00000+0  11461-2 0  9999
2 34077  86.3863 308.9909 0006572 313.5013 163.5902 14.68568571917331
IRIDIUM 33 DEB
1 34079U 97051CN  26213.87258142  .00010052  00000+0  10221-2 0  9991
2 34079  86.3705 262.3687 0005253 208.2946 327.2392 14.90676778924282
IRIDIUM 33 DEB
1 34088U 97051CX  26213.73548818  .00029833  00000+0  19842-2 0  9993
2 34088  86.3720 282.6836 0005159  99.0274  23.9174 15.07017644922180
IRIDIUM 33 DEB
1 34521U 97051HN  26213.96135694  .00004149  00000+0  75025-3 0  9993
2 34521  86.3773 288.0538 0004191 157.4525 202.6874 14.66187226918728
COSMOS 2251 DEB
1 33757U 93036E   26213.59875237  .00000058  00000+0  30916-4 0  9991
2 33757  74.0354 260.3276 0015540 225.1210 256.4229 14.32632147913167
COSMOS 2251 DEB
1 33758U 93036F   26213.95119275  .00002419  00000+0  59132-3 0  9998
2 33758  74.0281 137.0522 0016212 155.7138 281.6059 14.53034529916768
COSMOS 2251 DEB
1 33760U 93036H   26213.75169764  .00000162  00000+0  64955-4 0  9990
2 33760  74.0296 215.6003 0021733 261.8335 272.0516 14.35798953914540
COSMOS 2251 DEB
1 33761U 93036J   26213.90846410  .00000946  00000+0  28868-3 0  9990
2 33761  74.0350 181.1687 0023737 211.9656 178.3234 14.43124368915835
COSMOS 2251 DEB
1 33762U 93036K   26213.45432361  .00000039  00000+0  23343-4 0  9994
2 33762  74.0395 246.3799 0016434 256.9926 213.7259 14.33726042913686
COSMOS 2251 DEB
1 33764U 93036M   26213.97506271  .00000631  00000+0  20845-3 0  9996
2 33764  74.0315 203.6553 0020504 112.7934 315.6795 14.39926477914997
COSMOS 2251 DEB
1 33765U 93036N   26213.93546823  .00053250  00000+0  19358-2 0  9991
2 33765  73.9989  46.4264 0048482  79.2534 281.4120 15.26881674931439
COSMOS 2251 DEB
1 33766U 93036P   26213.97356395  .00000982  00000+0  34159-3 0  9990
2 33766  74.1851  72.9913 0063475 210.3572 149.3900 14.35605144910772
COSMOS 2251 DEB
1 33768U 93036R   26213.92389105  .00000210  00000+0  20581-3 0  9990
2 33768  74.0670 205.0509 0368026 311.2133  59.9418 13.58632246864490
COSMOS 2251 DEB
1 33779U 93036U   26213.70613546  .00009627  00000+0  14128-2 0  9997
2 33779  74.0426  78.8366 0014959  63.9886 359.3904 14.75558502919442
COSMOS 2251 DEB
1 33819U 93036BL  26213.96103829  .00001565  00000+0  55602-3 0  9994
2 33819  74.1795 149.5032 0089583 304.6983 131.8065 14.32988470908219
COSMOS 2251 DEB
1 33821U 93036BN  26213.93328190  .00032879  00000+0  76535-3 0  9994
2 33821  74.0254   5.6567 0034080 336.4173  23.5471 15.41516962785600
COSMOS 2251 DEB
1 33822U 93036BP  26213.90265667  .00001401  00000+0  66870-3 0  9999
2 33822  74.0680 143.3311 0150603 133.9721 298.4965 14.14294625893351
COSMOS 2251 DEB
1 33823U 93036BQ  26213.43951911  .00000845  00000+0  49619-3 0  9995
2 33823  73.8091 103.0699 0207972 188.0625 347.3036 13.99427553888507
COSMOS 2251 DEB
1 33825U 93036BS  26213.70787722  .00005570  00000+0  82694-3 0  9994
2 33825  73.9832 295.2321 0076613 207.5388 314.0784 14.73276666922924
COSMOS 2251 DEB
1 33826U 93036BT  26213.79455221  .00001443  00000+0  32974-3 0  9991
2 33826  74.0644 332.5283 0083463 320.0597 165.9952 14.54578043911408
COSMOS 2251 DEB
1 33828U 93036BV  26213.92498912  .00000928  00000+0  27245-3 0  9994
2 33828  74.0459 166.0686 0028993 186.4741 230.1785 14.44961294916668
COSMOS 2251 DEB
1 33830U 93036BX  26213.94569914  .00003869  00000+0  51494-3 0  9990
2 33830  74.0315 134.0281 0042341 197.9924 240.8970 14.79437839929031
COSMOS 2251 DEB
1 33832U 93036BZ  26213.82303110  .00004743  00000+0  91871-3 0  9998
2 33832  74.0545 126.0184 0021878 103.7109 313.1417 14.63422785918173
COSMOS 2251 DEB
1 33835U 93036CC  26213.90222230  .00002338  00000+0  44067-3 0  9996
2 33835  74.0568  16.2578 0054833   9.2231 141.5818 14.64172127921851
COSMOS 2251 DEB
1 33836U 93036CD  26213.95730769  .00007684  00000+0  93016-3 0  9990
2 33836  73.9964 159.1055 0024346 304.0441 122.1455 14.83605825675284
COSMOS 2251 DEB
1 33837U 93036CE  26213.78742267  .00000885  00000+0  22867-3 0  9990
2 33837  74.0138 338.5481 0033407 144.2908 216.0496 14.51136593921611
COSMOS 2251 DEB
1 33838U 93036CF  26213.89529645  .00000935  00000+0  25280-3 0  9994
2 33838  74.0358  74.7980 0026351 139.7203 232.8372 14.48968486919319
COSMOS 2251 DEB
1 33839U 93036CG  26213.83599840  .00000788  00000+0  14569-3 0  9997
2 33839  74.0393 120.2589 0083798 174.4262 250.7261 14.64991942929789
COSMOS 2251 DEB
1 33911U 93036DQ  26213.76128466  .00008337  00000+0  10921-2 0  9997
2 33911  74.0882  67.7726 0009983 294.7910 193.0953 14.80460586920726
COSMOS 2251 DEB
1 33912U 93036DR  26213.75344531  .00002210  00000+0  53970-3 0  9996
2 33912  74.0340 112.1405 0010684 141.9888 279.1818 14.53183938918021
COSMOS 2251 DEB
1 33913U 93036DS  26213.96919160  .00001215  00000+0  32110-3 0  9993
2 33913  74.0334 108.2082 0047149 154.7652 219.3736 14.49319346918214
COSMOS 2251 DEB
1 33914U 93036DT  26213.87131648  .00000259  00000+0  22025-3 0  9992
2 33914  74.0912 352.4071 0303657  41.2582  70.8110 13.72260789872653
COSMOS 2251 DEB
1 33915U 93036DU  26213.72601502  .00000724  00000+0  24402-3 0  9996
2 33915  74.0441 328.7151 0106250   3.5978 109.7251 14.35662400910866
COSMOS 2251 DEB
1 33916U 93036DV  26213.89618409  .00000410  00000+0  34621-3 0  9995
2 33916  74.0516  19.0779 0323992 139.3946  20.9404 13.68799797870676
COSMOS 2251 DEB
1 33917U 93036DW  26213.75607622  .00000528  00000+0  42230-3 0  9991
2 33917  74.1048 101.7436 0333627 147.8849 214.3083 13.69931428869107
COSMOS 2251 DEB
1 33920U 93036DZ  26213.97249348  .00004717  00000+0  95083-3 0  9994
2 33920  74.0575 215.8390 0031913 172.7278 187.4359 14.61449208915041
