NOAA 15
1 25338U 98030A   26198.19268534  .00000033  00000+0  31153-4 0  9997
2 25338  98.5064 218.0141 0009016 258.1942 101.8228 14.27154719465579
NOAA 20 (JPSS-1)
1 43013U 17073A   26198.09896388  .00000016  00000+0  28706-4 0  9999
2 43013  98.7772 137.2967 0001465 122.5500 237.5818 14.19516666448712
NOAA 21 (JPSS-2)
1 54234U 22150A   26198.13123066  .00000005  00000+0  23183-4 0  9991
2 54234  98.7059 136.4176 0002864 101.3251 258.8247 14.19541203190791
TERRA
1 25994U 99068A   26198.14186242  .00000174  00000+0  44393-4 0  9993
2 25994  97.9440 246.4979 0003485 118.8743 261.9090 14.61124589413980
AQUA
1 27424U 02022A   26198.23213147  .00000338  00000+0  76968-4 0  9997
2 27424  98.4298 168.1195 0001227 101.4578 317.4190 14.62130152287669
AURA
1 28376U 04026A   26198.18152830  .00000350  00000+0  80517-4 0  9994
2 28376  98.3431 154.8866 0001346  93.6763 266.4591 14.61369380170598
LANDSAT 8
1 39084U 13008A   26198.17082542  .00000104  00000+0  33101-4 0  9997
2 39084  98.2289 267.9479 0001361  91.2054 268.9300 14.57094924702260
LANDSAT 9
1 49260U 21088A   26197.79327017  .00000160  00000+0  45551-4 0  9991
2 49260  98.2269 267.6103 0001125  89.4902 270.6425 14.57096185255313
SENTINEL-1A
1 39634U 14016A   26198.12747764 -.00000104  00000+0 -12369-4 0  9992
2 39634  98.1769 205.2234 0001427  85.8154 274.3209 14.59195939654388
SENTINEL-2A
1 40697U 15028A   26198.14477144 -.00000193  00000+0 -56940-4 0  9992
2 40697  98.5680 272.5694 0001274  95.2013 264.9316 14.30813993578016
SENTINEL-3A
1 41335U 16011A   26198.16200873  .00000039  00000+0  34073-4 0  9990
2 41335  98.6236 265.1130 0001343  89.4648 270.6686 14.26740092542337
SENTINEL-5P
1 42969U 17064A   26197.80595139  .00000011  00000+0  26266-4 0  9990
2 42969  98.7929 139.7277 0001157  93.4988 266.6320 14.19523414453761
ISS (ZARYA)
1 25544U 98067A   26198.18571856  .00003640  00000+0  74136-4 0  9994
2 25544  51.6315 151.6351 0006784 305.3594  54.6760 15.49030061576408
CSS (TIANHE)
1 48274U 21035A   26197.88145382  .00001197  00000+0  19694-4 0  9990
2 48274  41.4696 141.6126 0002246 302.3597  57.7023 15.58131618297800
HST
1 20580U 90037B   26198.19509067  .00003225  00000+0  96969-4 0  9991
2 20580  28.4720 235.4292 0002183 123.0832 236.9973 15.31072955793174
CYGFM05
1 41884U 16078A   26198.05206389  .00016094  00000+0  20855-3 0  9998
2 41884  34.9568  62.6339 0005617  56.6119 303.5142 15.57913672533418
CYGFM04
1 41885U 16078B   26197.92610275  .00021379  00000+0  22614-3 0  9994
2 41885  34.9327  29.6054 0004098 105.3496 254.7683 15.63154078533658
CYGFM02
1 41886U 16078C   26197.93078900  .00026622  00000+0  24656-3 0  9993
2 41886  34.9409  23.1954 0004871 108.2529 251.8729 15.66451663533838
LEGION 3
1 60452U 24146A   26198.11609919  .00001272  00000+0  79405-4 0  9996
2 60452  45.0016 230.0922 0008033 344.4301  15.6329 15.15661781106561
JASON-3
1 41240U 16002A   26198.13867861 -.00000026  00000+0  14480-3 0  9994
2 41240  66.0416  62.8662 0008161 270.7312  89.2771 12.87628760491100
SENTINEL-6A
1 46984U 20086A   26198.06664197 -.00000042  00000+0  84161-4 0  9992
2 46984  66.0412  72.9935 0007777 269.7294  90.2830 12.80930174264159
SWOT
1 54754U 22173A   26198.14192943 -.00000036  00000+0 -22662-4 0  9991
2 54754  77.6112 354.8698 0000236  70.4027 289.7150 14.00172444183343
SWARM B
1 39451U 13067A   26198.18140786  .00001938  00000+0  68151-4 0  9995
2 39451  87.7461 333.2053 0002258  84.1222 276.0284 15.28724665687828
SWARM A
1 39452U 13067B   26198.15254701  .00005802  00000+0  97552-4 0  9997
2 39452  87.3295  45.0980 0003334  92.9687 267.1956 15.51481584710892
TIMED
1 26998U 01055B   26197.37890833  .00000530  00000+0  51686-4 0  9998
2 26998  74.0666 176.2385 0002266 299.5266  60.5692 14.95345803335182
CRYOSAT 2
1 36508U 10013A   26198.19963023  .00000110  00000+0  26495-4 0  9997
2 36508  92.0358 284.5978 0002417  98.7416 261.4065 14.51898846862434
RESURS-DK 1
1 29228U 06021A   26197.45020316  .00000852  00000+0  53811-4 0  9994
2 29228  69.9306 263.7965 0007178 269.6714  90.3630 15.13321208107009
IRIDIUM 33
1 24946U 97051C   26197.43644795  .00000117  00000+0  34009-4 0  9992
2 24946  86.3895 337.6781 0006376 217.7436 142.3313 14.35159411509288
IRIDIUM 33 DEB
1 33773U 97051L   26197.85500524  .00000434  00000+0  12189-3 0  9993
2 33773  86.4035 328.9909 0012330 149.3634 210.8289 14.43693288914653
IRIDIUM 33 DEB
1 33775U 97051N   26197.84025134  .00000682  00000+0  20125-3 0  9997
2 33775  86.3649 317.2618 0014058 160.0345 325.0789 14.42094003912540
IRIDIUM 33 DEB
1 33776U 97051P   26197.44714176  .00000332  00000+0  10205-3 0  9995
2 33776  86.4058 350.1535 0013628 201.3653 176.9528 14.38572036911830
IRIDIUM 33 DEB
1 33777U 97051Q   26197.84886479  .00001808  00000+0  39717-3 0  9994
2 33777  86.3791 301.0964 0005028 235.6665 124.4068 14.57046731916799
IRIDIUM 33 DEB
1 33850U 97051T   26198.20584417  .00000554  00000+0  16029-3 0  9992
2 33850  86.3416 297.0690 0012519 164.9048 216.7428 14.42743644912733
IRIDIUM 33 DEB
1 33860U 97051AD  26197.29747509  .00002643  00000+0  43172-3 0  9994
2 33860  86.3818 291.5525 0005926 326.3015  98.1663 14.70533879918870
IRIDIUM 33 DEB
1 33862U 97051AF  26198.22229036  .00002153  00000+0  31912-3 0  9995
2 33862  86.4093 301.6943 0048705  40.0535 342.3890 14.73801805920086
IRIDIUM 33 DEB
1 33866U 97051AK  26197.94052441  .00001948  00000+0  74919-3 0  9996
2 33866  86.3023   1.4664 0113089 185.7062 328.4261 14.26483082898911
IRIDIUM 33 DEB
1 33953U 97051BN  26198.13530872  .00001515  00000+0  32949-3 0  9991
2 33953  86.3867 319.7171 0018466  92.4446  26.1954 14.57301275914530
IRIDIUM 33 DEB
1 33960U 97051BV  26197.93204992  .00006838  00000+0  62608-3 0  9995
2 33960  86.2568 186.6946 0004599  77.6431 349.7977 14.94803447920880
IRIDIUM 33 DEB
1 34071U 97051CE  26198.20764087  .00000868  00000+0  21665-3 0  9991
2 34071  86.3439 283.6611 0009928 105.3843 254.8459 14.50460998914714
IRIDIUM 33 DEB
1 34077U 97051CL  26197.83551131  .00003583  00000+0  61602-3 0  9991
2 34077  86.3866 316.0230 0008491  19.2536 106.9976 14.68370771915000
IRIDIUM 33 DEB
1 34079U 97051CN  26198.20172962  .00006495  00000+0  66561-3 0  9990
2 34079  86.3718 269.5824 0003346 287.8034  97.6278 14.90324411921956
IRIDIUM 33 DEB
1 34088U 97051CX  26197.72680182  .00018659  00000+0  12760-2 0  9990
2 34088  86.3770 290.2323 0005843 150.1171 331.7151 15.06015518919779
IRIDIUM 33 DEB
1 34521U 97051HN  26197.78565492  .00002486  00000+0  44928-3 0  9997
2 34521  86.3790 295.2069 0002102 205.2047 154.9064 14.66053287916353
COSMOS 2251 DEB
1 33757U 93036E   26198.21780060  .00000039  00000+0  24025-4 0  9994
2 33757  74.0375 288.4076 0015822 254.8800 131.6484 14.32629845910969
COSMOS 2251 DEB
1 33758U 93036F   26197.37244251  .00001212  00000+0  30021-3 0  9994
2 33758  74.0263 168.3478 0016690 192.7516 320.2947 14.52957600914358
COSMOS 2251 DEB
1 33760U 93036H   26198.11474773  .00000085  00000+0  38546-4 0  9992
2 33760  74.0303 244.3056 0021627 292.7018  88.3758 14.35793426912307
COSMOS 2251 DEB
1 33761U 93036J   26198.03179705  .00000474  00000+0  14889-3 0  9996
2 33761  74.0336 210.6525 0024232 244.4471 136.9113 14.43094997913541
COSMOS 2251 DEB
1 33762U 93036K   26197.68815883  .00000033  00000+0  21340-4 0  9993
2 33762  74.0415 275.2068 0016374 287.4441 200.3015 14.33723975911427
COSMOS 2251 DEB
1 33764U 93036M   26197.79712184  .00000316  00000+0  10875-3 0  9991
2 33764  74.0316 233.5495 0020922 147.8712 332.9046 14.39906605912666
COSMOS 2251 DEB
1 33765U 93036N   26198.13574785  .00019127  00000+0  72913-3 0  9995
2 33765  73.9995  79.9292 0052168 117.5803 243.0710 15.25353026929024
COSMOS 2251 DEB
1 33766U 93036P   26198.15475579  .00000518  00000+0  18418-3 0  9993
2 33766  74.1859 101.7488 0064017 243.5685 115.8891 14.35575234908505
COSMOS 2251 DEB
1 33768U 93036R   26198.09642404  .00000043  00000+0  57649-4 0  9994
2 33768  74.0665 230.6062 0367781 340.2509  46.8405 13.58625340862348
COSMOS 2251 DEB
1 33779U 93036U   26197.84024056  .00006938  00000+0  10282-2 0  9994
2 33779  74.0439 109.8472 0014197  98.2619 330.7023 14.75218724917103
COSMOS 2251 DEB
1 33819U 93036BL  26197.43054036  .00000860  00000+0  30990-3 0  9992
2 33819  74.1778 179.4384 0089529 338.9001 177.0202 14.32934992905844
COSMOS 2251 DEB
1 33821U 93036BN  26197.63717686  .00021970  00000+0  53275-3 0  9990
2 33821  74.0237  40.9506 0032631  17.9564 342.2788 15.40413377783099
COSMOS 2251 DEB
1 33822U 93036BP  26197.90826212  .00001065  00000+0  51186-3 0  9999
2 33822  74.0675 171.6226 0150730 166.5936 224.6448 14.14249169891094
COSMOS 2251 DEB
1 33823U 93036BQ  26197.82679191  .00000476  00000+0  28606-3 0  9999
2 33823  73.8096 130.4526 0208553 218.2990 171.8740 13.99404337886327
COSMOS 2251 DEB
1 33825U 93036BS  26197.81697347  .00002091  00000+0  31503-3 0  9998
2 33825  73.9839 326.3009 0077031 241.7615 277.7018 14.73121193920587
COSMOS 2251 DEB
1 33826U 93036BT  26197.91339096  .00000833  00000+0  19345-3 0  9996
2 33826  74.0637   2.5229 0083053 354.5851 165.3389 14.54543336909091
COSMOS 2251 DEB
1 33828U 93036BV  26197.45981727  .00000479  00000+0  14455-3 0  9994
2 33828  74.0444 196.7157 0029648 221.1718 261.6495 14.44932237914282
COSMOS 2251 DEB
1 33830U 93036BX  26197.84574808  .00002101  00000+0  28261-3 0  9992
2 33830  74.0305 165.7172 0042975 233.7260 176.9454 14.79315267926656
COSMOS 2251 DEB
1 33832U 93036BZ  26197.88923058  .00002493  00000+0  48739-3 0  9999
2 33832  74.0539 156.5496 0021788 139.7631 251.6847 14.63285420915846
COSMOS 2251 DEB
1 33835U 93036CC  26198.05061339  .00001648  00000+0  31303-3 0  9997
2 33835  74.0557  46.6718 0054501  44.1349 109.4346 14.64092919919533
COSMOS 2251 DEB
1 33836U 93036CD  26197.96780492  .00003814  00000+0  46692-3 0  9999
2 33836  73.9942 190.8495 0024356 338.8336  51.0826 14.83367807672913
COSMOS 2251 DEB
1 33837U 93036CE  26197.51748145  .00000371  00000+0  10000-3 0  9999
2 33837  74.0121   9.1999 0034097 179.0227 181.1007 14.51110607919259
COSMOS 2251 DEB
1 33838U 93036CF  26198.18165699  .00000480  00000+0  13338-3 0  9999
2 33838  74.0369 104.2543 0026807 173.8634 346.0806 14.48939928917034
COSMOS 2251 DEB
1 33839U 93036CG  26197.92318934  .00000336  00000+0  65602-4 0  9995
2 33839  74.0387 150.8601 0084513 209.0452 207.8298 14.64968535927455
COSMOS 2251 DEB
1 33911U 93036DQ  26198.15626227  .00004686  00000+0  61977-3 0  9991
2 33911  74.0892  98.4279 0010084 327.5870 193.2769 14.80215060918410
COSMOS 2251 DEB
1 33912U 93036DR  26197.59720735  .00001076  00000+0  26672-3 0  9991
2 33912  74.0335 142.6342 0011073 179.0476 357.9486 14.53119996915678
COSMOS 2251 DEB
1 33913U 93036DS  26197.89409595  .00000647  00000+0  17443-3 0  9992
2 33913  74.0335 138.3629 0047687 189.2897 227.5496 14.49282119915888
COSMOS 2251 DEB
1 33914U 93036DT  26197.90552240  .00000178  00000+0  15614-3 0  9998
2 33914  74.0897  18.7335 0303550  71.3773  37.7884 13.72249954870466
COSMOS 2251 DEB
1 33915U 93036DU  26197.91037971  .00000411  00000+0  14250-3 0  9994
2 33915  74.0429 357.7266 0105856  36.7320  88.8593 14.35640922908599
COSMOS 2251 DEB
1 33916U 93036DV  26197.94541963  .00000251  00000+0  21923-3 0  9996
2 33916  74.0506  45.2952 0324210 169.1473 261.0994 13.68786172868491
COSMOS 2251 DEB
1 33917U 93036DW  26197.90936860  .00000215  00000+0  18147-3 0  9991
2 33917  74.1055 127.7537 0334110 177.6712 182.6063 13.69919755866935
COSMOS 2251 DEB
1 33920U 93036DZ  26198.09043808  .00002240  00000+0  45610-3 0  9992
2 33920  74.0592 246.1704 0032490 206.4451 153.5059 14.61313361912728
