NOAA 15
1 25338U 98030A   26197.84213780  .00000038  00000+0  33008-4 0  9997
2 25338  98.5064 217.6730 0009012 259.3522 100.6644 14.27154668465528
NOAA 20 (JPSS-1)
1 43013U 17073A   26197.81701927  .00000014  00000+0  27457-4 0  9992
2 43013  98.7772 137.0172 0001448 122.8399 237.2916 14.19516648448679
NOAA 21 (JPSS-2)
1 54234U 22150A   26197.84929064  .00000012  00000+0  26210-4 0  9992
2 54234  98.7059 136.1404 0002855 101.7601 258.3895 14.19541206190758
TERRA
1 25994U 99068A   26197.88536293  .00000171  00000+0  43683-4 0  9996
2 25994  97.9440 246.2517 0003480 119.2437 353.1464 14.61124440413947
AQUA
1 27424U 02022A   26197.28834417  .00000341  00000+0  77532-4 0  9992
2 27424  98.4296 167.1566 0000983 113.3067  21.1629 14.62197882287525
AURA
1 28376U 04026A   26197.83918083  .00000357  00000+0  82020-4 0  9993
2 28376  98.3431 154.5414 0001337  93.5187 266.6166 14.61369162170546
LANDSAT 8
1 39084U 13008A   26197.82747388  .00000101  00000+0  32470-4 0  9999
2 39084  98.2289 267.6087 0001366  91.2406 268.8949 14.57094808702212
LANDSAT 9
1 49260U 21088A   26197.79327017  .00000160  00000+0  45551-4 0  9991
2 49260  98.2269 267.6103 0001125  89.4902 270.6425 14.57096185255313
SENTINEL-1A
1 39634U 14016A   26197.85319166 -.00000111  00000+0 -13751-4 0  9996
2 39634  98.1769 204.9529 0001438  86.0799 274.0565 14.59195737654345
SENTINEL-2A
1 40697U 15028A   26197.86505050 -.00000046  00000+0 -10453-5 0  9995
2 40697  98.5681 272.2938 0001283  93.6328 266.5001 14.30814394577975
SENTINEL-3A
1 41335U 16011A   26197.81136017  .00000040  00000+0  34464-4 0  9995
2 41335  98.6236 264.7674 0001354  89.3793 270.7543 14.26740023542288
SENTINEL-5P
1 42969U 17064A   26197.45352247  .00000010  00000+0  25784-4 0  9995
2 42969  98.7929 139.3777 0001152  93.3196 266.8111 14.19523387453711
ISS (ZARYA)
1 25544U 98067A   26197.86314870  .00003748  00000+0  76099-4 0  9998
2 25544  51.6311 153.2312 0006736 304.1301  55.9047 15.49027546576359
CSS (TIANHE)
1 48274U 21035A   26197.88145381  .00001197  00000+0  19704-4 0  9991
2 48274  41.4694 141.6124 0002268 301.6300  58.4316 15.58131325297802
HST
1 20580U 90037B   26197.41290602  .00003155  00000+0  94703-4 0  9993
2 20580  28.4721 240.7781 0002206 116.1577 243.9246 15.31067854793052
CYGFM05
1 41884U 16078A   26197.79574538  .00015617  00000+0  20246-3 0  9996
2 41884  34.9569  64.3345 0005676  53.5638 306.5610 15.57905415533376
CYGFM04
1 41885U 16078B   26197.86223875  .00021107  00000+0  22330-3 0  9997
2 41885  34.9327  30.0326 0004108 104.5636 255.5546 15.63151096533648
CYGFM02
1 41886U 16078C   26197.86705969  .00026496  00000+0  24543-3 0  9991
2 41886  34.9409  23.6238 0004883 107.4559 252.6703 15.66448244533826
LEGION 3
1 60452U 24146A   26197.58882500  .00001303  00000+0  80998-4 0  9999
2 60452  45.0017 232.9186 0008080 341.6257  18.4328 15.15659955106487
JASON-3
1 41240U 16002A   26197.82799937 -.00000032  00000+0  11867-3 0  9990
2 41240  66.0416  63.5194 0008165 270.7524  89.2559 12.87628712491063
SENTINEL-6A
1 46984U 20086A   26197.67626227 -.00000039  00000+0  96185-4 0  9995
2 46984  66.0412  73.8043 0007781 269.6984  90.3140 12.80930202264101
SWOT
1 54754U 22173A   26197.85611291 -.00000026  00000+0 -15792-4 0  9995
2 54754  77.6112 355.2557 0000235  71.2066 288.9111 14.00172447183300
SWARM B
1 39451U 13067A   26197.78865006  .00001927  00000+0  67771-4 0  9994
2 39451  87.7461 333.3245 0002263  84.0861 276.0646 15.28723065687764
SWARM A
1 39452U 13067B   26197.83004572  .00006047  00000+0  10172-3 0  9994
2 39452  87.3295  45.2180 0003330  93.1179 267.0464 15.51478142710845
TIMED
1 26998U 01055B   26197.37890833  .00000530  00000+0  51686-4 0  9998
2 26998  74.0666 176.2385 0002266 299.5266  60.5692 14.95345803335182
CRYOSAT 2
1 36508U 10013A   26197.85502925  .00000108  00000+0  25982-4 0  9996
2 36508  92.0358 284.5141 0002416  98.6918 261.4563 14.51898753862385
RESURS-DK 1
1 29228U 06021A   26197.45020316  .00000852  00000+0  53811-4 0  9994
2 29228  69.9306 263.7965 0007178 269.6714  90.3630 15.13321208107009
IRIDIUM 33
1 24946U 97051C   26197.43644795  .00000117  00000+0  34009-4 0  9992
2 24946  86.3895 337.6781 0006376 217.7436 142.3313 14.35159411509288
IRIDIUM 33 DEB
1 33773U 97051L   26197.36982771  .00000433  00000+0  12167-3 0  9992
2 33773  86.4034 329.1966 0012268 150.7256 209.4635 14.43692860914580
IRIDIUM 33 DEB
1 33775U 97051N   26197.61017984  .00000674  00000+0  19889-3 0  9992
2 33775  86.3649 317.3601 0014033 160.7091 210.7393 14.42093625912518
IRIDIUM 33 DEB
1 33776U 97051P   26197.44714176  .00000332  00000+0  10205-3 0  9995
2 33776  86.4058 350.1535 0013628 201.3653 176.9528 14.38572036911830
IRIDIUM 33 DEB
1 33777U 97051Q   26197.71151214  .00001783  00000+0  39163-3 0  9999
2 33777  86.3792 301.1563 0005021 236.2543 123.8187 14.57046088916779
IRIDIUM 33 DEB
1 33850U 97051T   26197.65746830  .00000562  00000+0  16260-3 0  9995
2 33850  86.3416 297.3050 0012448 166.6239 248.6410 14.42743104912655
IRIDIUM 33 DEB
1 33860U 97051AD  26197.29747509  .00002643  00000+0  43172-3 0  9994
2 33860  86.3818 291.5525 0005926 326.3015  98.1663 14.70533879918870
IRIDIUM 33 DEB
1 33862U 97051AF  26197.77164506  .00002231  00000+0  33091-3 0  9991
2 33862  86.4094 301.8943 0048769  41.5831 111.4455 14.73800047920016
IRIDIUM 33 DEB
1 33866U 97051AK  26197.42550948  .00001857  00000+0  71373-3 0  9994
2 33866  86.3021   1.6847 0113029 187.3629 203.6526 14.26480734898846
IRIDIUM 33 DEB
1 33953U 97051BN  26197.36771764  .00001494  00000+0  32486-3 0  9994
2 33953  86.3866 320.0511 0018478  94.6876 319.5516 14.57298621914427
IRIDIUM 33 DEB
1 33960U 97051BV  26197.86696499  .00007306  00000+0  66906-3 0  9990
2 33960  86.2567 186.7257 0004605  77.8264 359.6066 14.94803039920874
IRIDIUM 33 DEB
1 34071U 97051CE  26197.65573787  .00000892  00000+0  22297-3 0  9993
2 34071  86.3440 283.9014 0009922 106.7896 253.4398 14.50460138914637
IRIDIUM 33 DEB
1 34077U 97051CL  26197.77258277  .00003504  00000+0  60246-3 0  9995
2 34077  86.3866 316.0508 0008499  19.4287 134.3905 14.68370113914995
IRIDIUM 33 DEB
1 34079U 97051CN  26197.46122286  .00006101  00000+0  62521-3 0  9997
2 34079  86.3721 269.9231 0003342 292.1168  83.0255 14.90313773921840
IRIDIUM 33 DEB
1 34088U 97051CX  26197.31795661  .00016523  00000+0  11305-2 0  9996
2 34088  86.3773 290.4248 0005820 151.5449 275.1741 15.05997286919718
IRIDIUM 33 DEB
1 34521U 97051HN  26197.71740012  .00002452  00000+0  44307-3 0  9997
2 34521  86.3790 295.2371 0002096 205.5139 154.5971 14.66052855916348
COSMOS 2251 DEB
1 33757U 93036E   26197.68548691  .00000038  00000+0  23526-4 0  9990
2 33757  74.0376 289.3794 0015828 255.9066 266.3319 14.32629746910883
COSMOS 2251 DEB
1 33758U 93036F   26197.37244251  .00001212  00000+0  30021-3 0  9994
2 33758  74.0263 168.3478 0016690 192.7516 320.2947 14.52957600914358
COSMOS 2251 DEB
1 33760U 93036H   26197.57575235  .00000084  00000+0  38196-4 0  9996
2 33760  74.0304 245.2951 0021612 293.7845 182.4228 14.35793268912228
COSMOS 2251 DEB
1 33761U 93036J   26197.42767955  .00000466  00000+0  14631-3 0  9994
2 33761  74.0337 211.7745 0024217 245.7065 238.4448 14.43094173913459
COSMOS 2251 DEB
1 33762U 93036K   26197.68815883  .00000033  00000+0  21340-4 0  9993
2 33762  74.0415 275.2068 0016374 287.4441 200.3015 14.33723975911427
COSMOS 2251 DEB
1 33764U 93036M   26197.79712184  .00000316  00000+0  10875-3 0  9991
2 33764  74.0316 233.5495 0020922 147.8712 332.9046 14.39906605912666
COSMOS 2251 DEB
1 33765U 93036N   26197.67663486  .00020810  00000+0  79327-3 0  9997
2 33765  73.9995  80.9018 0052230 118.6622 241.9845 15.25335261928951
COSMOS 2251 DEB
1 33766U 93036P   26197.45788600  .00000509  00000+0  18126-3 0  9993
2 33766  74.1859 103.0155 0064040 245.0289 114.4204 14.35574379908405
COSMOS 2251 DEB
1 33768U 93036R   26197.35647257  .00000041  00000+0  56218-4 0  9992
2 33768  74.0666 231.8009 0367758 341.6096  27.6996 13.58625186862242
COSMOS 2251 DEB
1 33779U 93036U   26197.24651872  .00006174  00000+0  91586-3 0  9999
2 33779  74.0441 111.0073 0014145  99.5877  57.5693 14.75209138917017
COSMOS 2251 DEB
1 33819U 93036BL  26197.43054036  .00000860  00000+0  30990-3 0  9992
2 33819  74.1778 179.4384 0089529 338.9001 177.0202 14.32934992905844
COSMOS 2251 DEB
1 33821U 93036BN  26197.63717686  .00021970  00000+0  53275-3 0  9990
2 33821  74.0237  40.9506 0032631  17.9564 342.2788 15.40413377783099
COSMOS 2251 DEB
1 33822U 93036BP  26197.35985108  .00001000  00000+0  48093-3 0  9990
2 33822  74.0675 172.5927 0150724 167.7201 312.4995 14.14247716891014
COSMOS 2251 DEB
1 33823U 93036BQ  26197.82679191  .00000476  00000+0  28606-3 0  9999
2 33823  73.8096 130.4526 0208553 218.2990 171.8740 13.99404337886327
COSMOS 2251 DEB
1 33825U 93036BS  26197.81697347  .00002091  00000+0  31503-3 0  9998
2 33825  73.9839 326.3009 0077031 241.7615 277.7018 14.73121193920587
COSMOS 2251 DEB
1 33826U 93036BT  26197.62209990  .00000845  00000+0  19611-3 0  9992
2 33826  74.0637   3.0728 0083137 355.2579  79.9878 14.54542855909053
COSMOS 2251 DEB
1 33828U 93036BV  26197.45981727  .00000479  00000+0  14455-3 0  9994
2 33828  74.0444 196.7157 0029648 221.1718 261.6495 14.44932237914282
COSMOS 2251 DEB
1 33830U 93036BX  26197.84574808  .00002101  00000+0  28261-3 0  9992
2 33830  74.0305 165.7172 0042975 233.7260 176.9454 14.79315267926656
COSMOS 2251 DEB
1 33832U 93036BZ  26197.88923058  .00002493  00000+0  48739-3 0  9999
2 33832  74.0539 156.5496 0021788 139.7631 251.6847 14.63285420915846
COSMOS 2251 DEB
1 33835U 93036CC  26197.69274057  .00001653  00000+0  31393-3 0  9994
2 33835  74.0557  47.3585 0054495  44.9262  23.1709 14.64091711919485
COSMOS 2251 DEB
1 33836U 93036CD  26197.45139411  .00003462  00000+0  42433-3 0  9990
2 33836  73.9941 191.8746 0024353 339.9687 173.4069 14.83362751672832
COSMOS 2251 DEB
1 33837U 93036CE  26197.51748145  .00000371  00000+0  10000-3 0  9999
2 33837  74.0121   9.1999 0034097 179.0227 181.1007 14.51110607919259
COSMOS 2251 DEB
1 33838U 93036CF  26197.49445843  .00000475  00000+0  13212-3 0  9999
2 33838  74.0369 105.5424 0026830 175.3534   1.4961 14.48939188916938
COSMOS 2251 DEB
1 33839U 93036CG  26197.32668889  .00000327  00000+0  64111-4 0  9990
2 33839  74.0387 152.0072 0084542 210.3472 301.9516 14.64967987927369
COSMOS 2251 DEB
1 33911U 93036DQ  26197.52985917  .00004662  00000+0  61678-3 0  9997
2 33911  74.0894  99.6582 0010088 328.7884  95.5253 14.80209164918324
COSMOS 2251 DEB
1 33912U 93036DR  26197.59720735  .00001076  00000+0  26672-3 0  9991
2 33912  74.0335 142.6342 0011073 179.0476 357.9486 14.53119996915678
COSMOS 2251 DEB
1 33913U 93036DS  26197.81979779  .00000645  00000+0  17402-3 0  9993
2 33913  74.0335 138.5022 0047689 189.4496 199.9036 14.49282025915873
COSMOS 2251 DEB
1 33914U 93036DT  26197.68081418  .00000179  00000+0  15715-3 0  9990
2 33914  74.0897  19.1040 0303550  71.8006   7.7067 13.72249866870437
COSMOS 2251 DEB
1 33915U 93036DU  26197.48092108  .00000418  00000+0  14469-3 0  9998
2 33915  74.0429 358.5145 0105853  37.6313  29.2790 14.35640570908534
COSMOS 2251 DEB
1 33916U 93036DV  26197.65154536  .00000249  00000+0  21726-3 0  9998
2 33916  74.0506  45.7782 0324216 169.6951 252.9959 13.68786016868452
COSMOS 2251 DEB
1 33917U 93036DW  26197.54423517  .00000214  00000+0  18114-3 0  9994
2 33917  74.1055 128.3530 0334122 178.3588 181.8716 13.69919605866881
COSMOS 2251 DEB
1 33920U 93036DZ  26197.54275814  .00002218  00000+0  45185-3 0  9997
2 33920  74.0588 247.2166 0032452 207.6114 152.3331 14.61310595912641
