NOAA 15
1 25338U 98030A   26202.60958363  .00000044  00000+0  35354-4 0  9994
2 25338  98.5064 222.3117 0009118 243.5087 116.5159 14.27155496466201
NOAA 20 (JPSS-1)
1 43013U 17073A   26202.61007573  .00000028  00000+0  34127-4 0  9990
2 43013  98.7772 141.7679 0001601 117.5455 242.5884 14.19517347449354
NOAA 21 (JPSS-2)
1 54234U 22150A   26202.57178498  .00000039  00000+0  39192-4 0  9998
2 54234  98.7059 140.7835 0002913  92.9119 267.2391 14.19541826191420
TERRA
1 25994U 99068A   26202.61954139  .00000241  00000+0  58077-4 0  9998
2 25994  97.9436 250.7972 0003622 110.2563  49.2698 14.61127057414632
AQUA
1 27424U 02022A   26202.61098541  .00000537  00000+0  11669-3 0  9991
2 27424  98.4301 172.5868 0001325 102.0917 312.0397 14.62134884288301
AURA
1 28376U 04026A   26202.56356899  .00000543  00000+0  11967-3 0  9999
2 28376  98.3434 159.3062 0001408  93.7322 266.4040 14.61374129171238
LANDSAT 8
1 39084U 13008A   26202.56572164  .00000215  00000+0  57916-4 0  9993
2 39084  98.2285 272.2897 0001337  91.8641 268.2711 14.57097234702907
LANDSAT 9
1 49260U 21088A   26202.18816322  .00000217  00000+0  58165-4 0  9991
2 49260  98.2264 271.9512 0001073  92.7639 267.3683 14.57098343255953
SENTINEL-1A
1 39634U 14016A   26202.58469653  .00000103  00000+0  31533-4 0  9997
2 39634  98.1714 209.6122 0001435  85.1809 274.9554 14.59173297655036
SENTINEL-2A
1 40697U 15028A   26202.62030285  .00000257  00000+0  11465-3 0  9993
2 40697  98.5668 276.9811 0001324  96.2802 263.8532 14.30816331578651
SENTINEL-3A
1 41335U 16011A   26202.58017934  .00000041  00000+0  35166-4 0  9993
2 41335  98.6232 269.4668 0001303  88.7627 271.3703 14.26740972542965
SENTINEL-5P
1 42969U 17064A   26202.24655485  .00000027  00000+0  33683-4 0  9994
2 42969  98.7929 144.1371 0001192  92.3814 267.7498 14.19523981454398
ISS (ZARYA)
1 25544U 98067A   26202.18553447  .00005896  00000+0  11479-3 0  9991
2 25544  51.6316 131.8443 0006849 320.6461  39.4029 15.49071756577020
CSS (TIANHE)
1 48274U 21035A   26202.43210246  .00010973  00000+0  14512-3 0  9995
2 48274  41.4683 114.0267 0001746 306.5318  53.5359 15.58235366298517
HST
1 20580U 90037B   26202.36670297  .00004372  00000+0  13390-3 0  9990
2 20580  28.4722 206.9020 0002079 163.2375 196.8290 15.31101055793811
CYGFM05
1 41884U 16078A   26202.60149033  .00024077  00000+0  30949-3 0  9992
2 41884  34.9574  32.4474 0005293 107.8919 252.2384 15.58073596534127
CYGFM04
1 41885U 16078B   26202.58786904  .00033039  00000+0  34563-3 0  9998
2 41885  34.9330 358.4204 0004368 158.8520 201.2387 15.63373042534386
CYGFM02
1 41886U 16078C   26202.58266010  .00038965  00000+0  35624-3 0  9992
2 41886  34.9410 351.9254 0005090 159.8818 200.2110 15.66714160534569
LEGION 3
1 60452U 24146A   26202.40018411  .00001874  00000+0  11041-3 0  9994
2 60452  45.0013 207.1286 0007580   8.3660 351.7343 15.15678198107219
JASON-3
1 41240U 16002A   26202.56585718 -.00000053  00000+0  37415-4 0  9999
2 41240  66.0416  53.5578 0008130 270.2651  89.7436 12.87628907491678
SENTINEL-6A
1 46984U 20086A   26202.59504500 -.00000068  00000+0 -31221-4 0  9995
2 46984  66.0410  63.5873 0007780 269.6351  90.3772 12.80930247264732
SWOT
1 54754U 22173A   26202.64354096  .00000057  00000+0  40400-4 0  9992
2 54754  77.6118 348.7929 0000214  70.3491 289.7684 14.00172654183972
SWARM B
1 39451U 13067A   26202.63263434  .00003053  00000+0  10809-3 0  9993
2 39451  87.7466 331.8542 0002253  90.2225 269.9283 15.28745588688509
SWARM A
1 39452U 13067B   26202.60319884  .00011269  00000+0  19563-3 0  9996
2 39452  87.3303  43.4412 0003344  90.2638 269.9006 15.50688048711588
TIMED
1 26998U 01055B   26202.32969157  .00000817  00000+0  77679-4 0  9994
2 26998  74.0672 166.2696 0002369 293.6419  66.4517 14.95353320335928
CRYOSAT 2
1 36508U 10013A   26202.61052161  .00000055  00000+0  12913-4 0  9990
2 36508  92.0354 285.6701 0002484  98.8557 261.2932 14.51899618863077
RESURS-DK 1
1 29228U 06021A   26202.53978259  .00001330  00000+0  80555-4 0  9995
2 29228  69.9299 250.6183 0007481 264.3196  95.7117 15.13334713107778
IRIDIUM 33
1 24946U 97051C   26202.31704380  .00000166  00000+0  51164-4 0  9998
2 24946  86.3901 335.6303 0006938 199.3350 160.7584 14.35160640509985
IRIDIUM 33 DEB
1 33773U 97051L   26202.36021922  .00000604  00000+0  17185-3 0  9996
2 33773  86.4038 327.0817 0012759 136.3525 223.8688 14.43697915915305
IRIDIUM 33 DEB
1 33775U 97051N   26202.61594971  .00000950  00000+0  28282-3 0  9999
2 33775  86.3650 315.2218 0014573 146.1068 276.5058 14.42101931913230
IRIDIUM 33 DEB
1 33776U 97051P   26202.38784852  .00000539  00000+0  16965-3 0  9991
2 33776  86.4065 348.0782 0014294 184.7253 204.6175 14.38576761912543
IRIDIUM 33 DEB
1 33777U 97051Q   26202.51882547  .00002561  00000+0  56446-3 0  9992
2 33777  86.3789 299.0610 0005467 215.4034 144.6812 14.57068374917477
IRIDIUM 33 DEB
1 33850U 97051T   26202.30511824  .00000632  00000+0  18368-3 0  9996
2 33850  86.3414 295.3050 0013008 152.7270 266.5171 14.42748070913320
IRIDIUM 33 DEB
1 33860U 97051AD  26202.26438312  .00003912  00000+0  64039-3 0  9992
2 33860  86.3811 289.3426 0005563 301.8707 120.0944 14.70564909919608
IRIDIUM 33 DEB
1 33862U 97051AF  26202.30272753  .00002867  00000+0  42634-3 0  9999
2 33862  86.4086 299.8830 0048061  26.0866  31.8060 14.73820738920688
IRIDIUM 33 DEB
1 33866U 97051AK  26202.40564848  .00003102  00000+0  11954-2 0  9996
2 33866  86.3027 359.5743 0113673 171.4026 218.4277 14.26504713899552
IRIDIUM 33 DEB
1 33953U 97051BN  26202.30680581  .00002008  00000+0  43811-3 0  9997
2 33953  86.3869 317.9021 0018275  80.1561 309.3198 14.57316926915149
IRIDIUM 33 DEB
1 33960U 97051BV  26202.43302435  .00009634  00000+0  88143-3 0  9997
2 33960  86.2569 184.5430 0004536  73.8590  78.9682 14.94867842921559
IRIDIUM 33 DEB
1 34071U 97051CE  26202.27791307  .00001136  00000+0  28514-3 0  9998
2 34071  86.3435 281.8889 0009913  95.0736 265.1601 14.50469621915309
IRIDIUM 33 DEB
1 34077U 97051CL  26202.31437789  .00005159  00000+0  88811-3 0  9995
2 34077  86.3858 314.0394 0007765   2.9352  24.0191 14.68405826915669
IRIDIUM 33 DEB
1 34079U 97051CN  26202.65693485  .00011588  00000+0  11869-2 0  9992
2 34079  86.3714 267.5319 0003585 259.6830 253.2627 14.90393714922619
IRIDIUM 33 DEB
1 34088U 97051CX  26202.57359995  .00034699  00000+0  23572-2 0  9990
2 34088  86.3749 287.9485 0005903 136.3222 326.9322 15.06209017920505
IRIDIUM 33 DEB
1 34521U 97051HN  26202.22218257  .00003549  00000+0  64282-3 0  9993
2 34521  86.3782 293.2453 0002715 187.9488 172.1683 14.66078205917003
COSMOS 2251 DEB
1 33757U 93036E   26202.47453175  .00000032  00000+0  21416-4 0  9996
2 33757  74.0370 280.6367 0015777 246.6887 124.9947 14.32630342911575
COSMOS 2251 DEB
1 33758U 93036F   26202.61029497  .00001942  00000+0  47684-3 0  9994
2 33758  74.0267 158.4606 0016499 181.2250 358.1463 14.52975964915111
COSMOS 2251 DEB
1 33760U 93036H   26202.44295346  .00000113  00000+0  48136-4 0  9999
2 33760  74.0297 236.3604 0021709 284.1359 139.8329 14.35794565912922
COSMOS 2251 DEB
1 33761U 93036J   26202.42414639  .00000726  00000+0  22358-3 0  9993
2 33761  74.0338 202.4956 0024119 235.5851 275.4600 14.43101228914173
COSMOS 2251 DEB
1 33762U 93036K   26202.28099387  .00000011  00000+0  13433-4 0  9999
2 33762  74.0408 266.8096 0016409 278.5936 145.1282 14.33724423912089
COSMOS 2251 DEB
1 33764U 93036M   26202.44192426  .00000460  00000+0  15428-3 0  9990
2 33764  74.0312 224.9668 0020746 137.9551 290.2314 14.39910776913336
COSMOS 2251 DEB
1 33765U 93036N   26202.07075378  .00033114  00000+0  12519-2 0  9995
2 33765  73.9987  71.5922 0051803 108.1047 252.5805 15.25543241929620
COSMOS 2251 DEB
1 33766U 93036P   26202.40565399  .00000750  00000+0  26287-3 0  9998
2 33766  74.1859  94.0215 0063858 234.6538 124.8637 14.35581695909111
COSMOS 2251 DEB
1 33768U 93036R   26202.38201389  .00000118  00000+0  12435-3 0  9991
2 33768  74.0663 223.6868 0367893 332.3767 127.8929 13.58626389862923
COSMOS 2251 DEB
1 33779U 93036U   26202.12191156  .00009098  00000+0  13443-2 0  9990
2 33779  74.0432 101.4804 0014503  88.6785  30.2801 14.75280509917736
COSMOS 2251 DEB
1 33819U 93036BL  26202.38825565  .00001293  00000+0  46110-3 0  9998
2 33819  74.1783 170.4605 0089637 328.6099 191.7404 14.32946885906550
COSMOS 2251 DEB
1 33821U 93036BN  26202.24805420  .00028182  00000+0  67746-3 0  9998
2 33821  74.0246  30.9708 0032884   6.1032 354.0570 15.40623060783803
COSMOS 2251 DEB
1 33822U 93036BP  26202.39016020  .00001360  00000+0  64990-3 0  9992
2 33822  74.0674 163.6942 0150614 157.4515   3.4894 14.14258720891723
COSMOS 2251 DEB
1 33823U 93036BQ  26202.49077727  .00000663  00000+0  39253-3 0  9994
2 33823  73.8098 122.2729 0208334 209.2625 268.4568 13.99410264886973
COSMOS 2251 DEB
1 33825U 93036BS  26202.34253921  .00003570  00000+0  53345-3 0  9990
2 33825  73.9835 317.4535 0076998 231.9783 157.8598 14.73146765921254
COSMOS 2251 DEB
1 33826U 93036BT  26202.42810951  .00000860  00000+0  19955-3 0  9990
2 33826  74.0639 353.9957 0083047 344.7558  46.1819 14.54549609909758
COSMOS 2251 DEB
1 33828U 93036BV  26202.38098973  .00000709  00000+0  21017-3 0  9993
2 33828  74.0447 187.5555 0029466 210.9277 300.2933 14.44938609914993
COSMOS 2251 DEB
1 33830U 93036BX  26202.59171679  .00003625  00000+0  48371-3 0  9996
2 33830  74.0307 156.3765 0042799 223.3048 251.7891 14.79340407927354
COSMOS 2251 DEB
1 33832U 93036BZ  26202.55446841  .00004150  00000+0  80659-3 0  9999
2 33832  74.0539 147.6108 0021768 129.0782 348.0793 14.63313787916529
COSMOS 2251 DEB
1 33835U 93036CC  26202.01359602  .00001914  00000+0  36245-3 0  9998
2 33835  74.0551  39.0686 0054556  35.4216 117.4366 14.64107504920117
COSMOS 2251 DEB
1 33836U 93036CD  26202.63831080  .00007021  00000+0  85434-3 0  9991
2 33836  73.9950 181.5782 0024431 328.7182 152.1371 14.83412041673605
COSMOS 2251 DEB
1 33837U 93036CE  26202.41228397  .00000600  00000+0  15725-3 0  9991
2 33837  74.0126 359.9779 0033906 168.6292 191.5643 14.51116023919967
COSMOS 2251 DEB
1 33838U 93036CF  26202.18559542  .00000670  00000+0  18348-3 0  9996
2 33838  74.0368  96.7492 0026666 165.2333 351.5233 14.48945292917615
COSMOS 2251 DEB
1 33839U 93036CG  26202.31270836  .00000524  00000+0  98870-4 0  9995
2 33839  74.0392 142.4189 0084312 199.5315 317.6333 14.64972911928091
COSMOS 2251 DEB
1 33911U 93036DQ  26202.46204130  .00007700  00000+0  10139-2 0  9999
2 33911  74.0887  89.9705 0010039 318.9034  97.1437 14.80262066919052
COSMOS 2251 DEB
1 33912U 93036DR  26202.27409984  .00001510  00000+0  37146-3 0  9994
2 33912  74.0337 133.8073 0010914 168.5556 344.4498 14.53133018916359
COSMOS 2251 DEB
1 33913U 93036DS  26202.25509669  .00000919  00000+0  24488-3 0  9991
2 33913  74.0339 130.1826 0047513 179.9660 300.8141 14.49289638916519
COSMOS 2251 DEB
1 33914U 93036DT  26202.48277767  .00000252  00000+0  21455-3 0  9999
2 33914  74.0900  11.1855 0303585  62.7410 329.9350 13.72252482871099
COSMOS 2251 DEB
1 33915U 93036DU  26202.42147587  .00000478  00000+0  16422-3 0  9998
2 33915  74.0434 349.4514 0105949  27.2809   3.6888 14.35644978909249
COSMOS 2251 DEB
1 33916U 93036DV  26202.54221302  .00000322  00000+0  27596-3 0  9992
2 33916  74.0507  37.7396 0324170 160.5672 232.4283 13.68789144869127
COSMOS 2251 DEB
1 33917U 93036DW  26202.21793882  .00000239  00000+0  20024-3 0  9990
2 33917  74.1056 120.6819 0333982 169.5761 191.2517 13.69921580867526
COSMOS 2251 DEB
1 33920U 93036DZ  26202.54030274  .00003864  00000+0  78190-3 0  9993
2 33920  74.0582 237.6727 0032302 197.1491 162.8587 14.61339933913373
