NOAA 15
1 25338U 98030A   26214.59829376  .00000096  00000+0  56966-4 0  9995
2 25338  98.5065 233.9761 0009664 205.2684 154.8025 14.27159211467914
NOAA 20 (JPSS-1)
1 43013U 17073A   26214.59270462  .00000052  00000+0  45641-4 0  9999
2 43013  98.7776 153.6449 0001886 102.8703 257.2684 14.19519452451053
NOAA 21 (JPSS-2)
1 54234U 22150A   26214.55422066  .00000034  00000+0  36619-4 0  9998
2 54234  98.7062 152.5650 0002885  72.5399 287.6093 14.19543809193129
TERRA
1 25994U 99068A   26214.60290566  .00000333  00000+0  76657-4 0  9993
2 25994  97.9427 262.3019 0003690  86.7853  68.4436 14.61136793416381
AQUA
1 27424U 02022A   26214.58889715  .00000660  00000+0  14100-3 0  9991
2 27424  98.4317 184.8082 0001573  98.7252 326.5363 14.62153458290056
AURA
1 28376U 04026A   26214.54561290  .00000676  00000+0  14647-3 0  9998
2 28376  98.3446 171.3918 0001571  91.2664 268.8717 14.61392588172987
LANDSAT 8
1 39084U 13008A   26214.58297377  .00000266  00000+0  69141-4 0  9997
2 39084  98.2276 284.1606 0001277  92.3662 267.7683 14.57105201704659
LANDSAT 9
1 49260U 21088A   26214.20540501  .00000263  00000+0  68522-4 0  9999
2 49260  98.2255 283.8195 0001110 102.3874 257.7449 14.57106611257709
SENTINEL-1A
1 39634U 14016A   26214.58464444  .00000071  00000+0  24622-4 0  9998
2 39634  98.1611 221.4174 0001399  82.4745 277.6614 14.59278237656789
SENTINEL-2A
1 40697U 15028A   26214.64827726  .00000188  00000+0  88221-4 0  9990
2 40697  98.5666 288.8357 0001339  91.8310 268.3027 14.30819606580376
SENTINEL-3A
1 41335U 16011A   26214.57238262  .00000083  00000+0  52231-4 0  9992
2 41335  98.6222 281.2832 0001165  86.3044 273.8270 14.26738775544676
SENTINEL-5P
1 42969U 17064A   26214.58155264  .00000045  00000+0  42533-4 0  9998
2 42969  98.7934 156.3856 0001257  90.1319 270.0001 14.19525980456148
ISS (ZARYA)
1 25544U 98067A   26214.50635181  .00006342  00000+0  12183-3 0  9996
2 25544  51.6315  70.8679 0007172   4.7554 355.3502 15.49313226578933
CSS (TIANHE)
1 48274U 21035A   26214.60767627  .00017040  00000+0  21888-3 0  9993
2 48274  41.4688  40.1874 0001003 283.4191  76.6536 15.58713529300411
HST
1 20580U 90037B   26214.16388447  .00005559  00000+0  17148-3 0  9997
2 20580  28.4729 126.2201 0001752 305.1760  54.8672 15.31239956795625
CYGFM05
1 41884U 16078A   26214.58055827  .00021805  00000+0  27370-3 0  9999
2 41884  34.9573 312.9194 0006210 228.6615 131.3576 15.58708683535994
CYGFM04
1 41885U 16078B   26214.58934189  .00028323  00000+0  28708-3 0  9995
2 41885  34.9315 278.0723 0005045 268.3169  91.6979 15.64189435536260
CYGFM02
1 41886U 16078C   26214.55787520  .00031911  00000+0  28072-3 0  9999
2 41886  34.9395 271.3507 0005623 270.3900  89.6183 15.67685147536441
LEGION 3
1 60452U 24146A   26214.52697559  .00003860  00000+0  21229-3 0  9992
2 60452  45.0007 142.1210 0006544  85.4470 274.7156 15.15774086109054
JASON-3
1 41240U 16002A   26214.60467331 -.00000068  00000+0 -23324-4 0  9998
2 41240  66.0421  28.2453 0008104 268.9836  91.0254 12.87629333493226
SENTINEL-6A
1 46984U 20086A   26214.54065929 -.00000068  00000+0 -30321-4 0  9990
2 46984  66.0414  38.7742 0007763 269.3000  90.7126 12.80930442266268
SWOT
1 54754U 22173A   26214.57641109  .00000290  00000+0  19815-3 0  9995
2 54754  77.6127 332.6860 0000112  73.9598 286.1566 14.00170861185646
SWARM B
1 39451U 13067A   26214.54578232  .00003280  00000+0  11592-3 0  9993
2 39451  87.7478 328.2386 0002342 100.2089 259.9424 15.28830333690329
SWARM A
1 39452U 13067B   26214.61011576  .00008311  00000+0  14735-3 0  9997
2 39452  87.3298  38.9802 0003030  85.5999 274.5608 15.50056932713440
TIMED
1 26998U 01055B   26214.23817954  .00001110  00000+0  10410-3 0  9990
2 26998  74.0682 142.2910 0002479 280.8860  79.2046 14.95383042337703
CRYOSAT 2
1 36508U 10013A   26214.60262145  .00000164  00000+0  39910-4 0  9994
2 36508  92.0344 288.5843 0002689  96.0819 264.0694 14.51902274864815
RESURS-DK 1
1 29228U 06021A   26214.43726249  .00001698  00000+0  10102-3 0  9994
2 29228  69.9304 219.8125 0007621 253.9434 106.0893 15.13381098109578
IRIDIUM 33
1 24946U 97051C   26214.37906280  .00000199  00000+0  62806-4 0  9991
2 24946  86.3912 330.5710 0008441 160.4733 199.6788 14.35165542511715
IRIDIUM 33 DEB
1 33773U 97051L   26214.55883097  .00000758  00000+0  21704-3 0  9991
2 33773  86.4044 321.9134 0013384 102.2434 258.0267 14.43718611917068
IRIDIUM 33 DEB
1 33775U 97051N   26214.34332762  .00001009  00000+0  30044-3 0  9995
2 33775  86.3650 310.2125 0015262 113.0959 314.8415 14.42129451914927
IRIDIUM 33 DEB
1 33776U 97051P   26214.62629826  .00000671  00000+0  21258-3 0  9998
2 33776  86.4079 342.9396 0015736 146.4945 224.4064 14.38593542914306
IRIDIUM 33 DEB
1 33777U 97051Q   26214.33067696  .00002709  00000+0  59628-3 0  9994
2 33777  86.3779 293.9127 0006974 173.2566 186.8738 14.57143032919198
IRIDIUM 33 DEB
1 33850U 97051T   26214.57993260  .00000868  00000+0  25424-3 0  9998
2 33850  86.3405 290.0224 0013979 117.3112 295.8826 14.42769461915099
IRIDIUM 33 DEB
1 33860U 97051AD  26214.23935120  .00004190  00000+0  68415-3 0  9992
2 33860  86.3801 284.0132 0006163 242.6981 176.5887 14.70691531921366
IRIDIUM 33 DEB
1 33862U 97051AF  26214.25108825  .00002550  00000+0  37879-3 0  9998
2 33862  86.4082 294.5786 0046176 343.9815  69.3052 14.73901708922446
IRIDIUM 33 DEB
1 33866U 97051AK  26214.40506476  .00003528  00000+0  13561-2 0  9990
2 33866  86.3043 354.4893 0114750 133.3568 281.9343 14.26600911901263
IRIDIUM 33 DEB
1 33953U 97051BN  26214.32944595  .00002450  00000+0  53487-3 0  9991
2 33953  86.3872 312.6713 0017221  43.7185  21.5235 14.57388894916891
IRIDIUM 33 DEB
1 33960U 97051BV  26214.34701641  .00012255  00000+0  11118-2 0  9992
2 33960  86.2580 178.8467 0003778  66.7009  86.4157 14.95213490923335
IRIDIUM 33 DEB
1 34071U 97051CE  26214.41953905  .00001304  00000+0  32798-3 0  9997
2 34071  86.3425 276.6018 0009329  63.5242 296.6918 14.50506051917061
IRIDIUM 33 DEB
1 34077U 97051CL  26214.50925302  .00005677  00000+0  97393-3 0  9992
2 34077  86.3860 308.6374 0006528 309.6774  64.4426 14.68575833917454
IRIDIUM 33 DEB
1 34079U 97051CN  26214.11392630  .00010558  00000+0  10734-2 0  9990
2 34079  86.3703 262.2575 0005285 207.3800 182.4561 14.90682338924322
IRIDIUM 33 DEB
1 34088U 97051CX  26214.60194538  .00026116  00000+0  17355-2 0  9994
2 34088  86.3714 282.2743 0005135  96.2394  44.3650 15.07063445922313
IRIDIUM 33 DEB
1 34521U 97051HN  26214.23435103  .00003689  00000+0  66662-3 0  9997
2 34521  86.3771 287.9330 0004222 156.8592 203.2812 14.66188404918768
COSMOS 2251 DEB
1 33757U 93036E   26214.50647082  .00000040  00000+0  24327-4 0  9998
2 33757  74.0352 258.6703 0015512 223.3676 257.8359 14.32632204913292
COSMOS 2251 DEB
1 33758U 93036F   26214.52060809  .00002267  00000+0  55479-3 0  9991
2 33758  74.0280 135.9773 0016207 154.3422  20.3306 14.53036585916843
COSMOS 2251 DEB
1 33760U 93036H   26214.44472310  .00000128  00000+0  53194-4 0  9996
2 33760  74.0296 214.3281 0021743 260.4858 254.1225 14.35799002914645
COSMOS 2251 DEB
1 33761U 93036J   26214.34757803  .00000861  00000+0  26356-3 0  9992
2 33761  74.0351 180.3533 0023720 211.0563 299.6150 14.43124748915899
COSMOS 2251 DEB
1 33762U 93036K   26214.50138100  .00000033  00000+0  21249-4 0  9992
2 33762  74.0393 244.4654 0016427 254.9750 217.8711 14.33726174913839
COSMOS 2251 DEB
1 33764U 93036M   26214.40769519  .00000573  00000+0  18997-3 0  9991
2 33764  74.0316 202.8558 0020496 111.8211  38.3989 14.39926698915059
COSMOS 2251 DEB
1 33765U 93036N   26214.00098960  .00052586  00000+0  19115-2 0  9996
2 33765  73.9990  46.2873 0048453  79.0814 281.5833 15.26888894931446
COSMOS 2251 DEB
1 33766U 93036P   26214.32199234  .00000895  00000+0  31214-3 0  9999
2 33766  74.1850  72.3578 0063462 209.6239 150.1315 14.35605380910827
COSMOS 2251 DEB
1 33768U 93036R   26214.46136348  .00000206  00000+0  20221-3 0  9995
2 33768  74.0671 204.1832 0368034 310.2272 168.7598 13.58632470864567
COSMOS 2251 DEB
1 33779U 93036U   26214.06143852  .00009695  00000+0  14225-2 0  9998
2 33779  74.0426  78.1419 0014967  63.2269  86.7406 14.75565013919499
COSMOS 2251 DEB
1 33819U 93036BL  26214.25473428  .00001435  00000+0  51044-3 0  9994
2 33819  74.1795 148.9714 0089587 304.0951 206.9020 14.32988692908257
COSMOS 2251 DEB
1 33821U 93036BN  26214.45247353  .00028348  00000+0  65977-3 0  9997
2 33821  74.0254   4.5314 0034112 335.2155  24.7412 15.41547925785680
COSMOS 2251 DEB
1 33822U 93036BP  26214.27224411  .00001294  00000+0  61847-3 0  9991
2 33822  74.0680 142.6774 0150608 133.2205  20.2444 14.14295081893407
COSMOS 2251 DEB
1 33823U 93036BQ  26214.15169632  .00000830  00000+0  48788-3 0  9996
2 33823  73.8091 101.8208 0207952 186.6854 335.2159 13.99428699888600
COSMOS 2251 DEB
1 33825U 93036BS  26214.65805844  .00004856  00000+0  72160-3 0  9998
2 33825  73.9829 293.3741 0076565 205.4744 313.6325 14.73284635923061
COSMOS 2251 DEB
1 33826U 93036BT  26214.47272653  .00001300  00000+0  29766-3 0  9990
2 33826  74.0644 331.2475 0083509 318.5907 117.2560 14.54579163911505
COSMOS 2251 DEB
1 33828U 93036BV  26214.56053302  .00000906  00000+0  26623-3 0  9990
2 33828  74.0460 164.8857 0028968 185.1144 296.2074 14.44962319916754
COSMOS 2251 DEB
1 33830U 93036BX  26214.23108403  .00003450  00000+0  45969-3 0  9991
2 33830  74.0315 133.4663 0042326 197.3533 320.8536 14.79438902929074
COSMOS 2251 DEB
1 33832U 93036BZ  26214.45037214  .00003900  00000+0  75644-3 0  9991
2 33832  74.0544 124.8162 0021884 102.2725  18.2526 14.63426057918269
COSMOS 2251 DEB
1 33835U 93036CC  26214.49914844  .00002141  00000+0  40406-3 0  9995
2 33835  74.0569  15.1124 0054862   7.9266  47.9876 14.64174108921946
COSMOS 2251 DEB
1 33836U 93036CD  26214.31101846  .00006822  00000+0  82634-3 0  9996
2 33836  73.9964 158.4032 0024351 303.2832 211.2809 14.83609831675332
COSMOS 2251 DEB
1 33837U 93036CE  26214.40788002  .00000716  00000+0  18629-3 0  9991
2 33837  74.0139 337.3793 0033383 142.9356 217.4121 14.51136816921708
COSMOS 2251 DEB
1 33838U 93036CF  26214.32919374  .00000852  00000+0  23107-3 0  9999
2 33838  74.0357  73.9846 0026334 138.7625 336.2072 14.48968924919377
COSMOS 2251 DEB
1 33839U 93036CG  26214.19393309  .00000721  00000+0  13368-3 0  9992
2 33839  74.0393 119.5705 0083776 173.6448 338.4645 14.64992140929830
COSMOS 2251 DEB
1 33911U 93036DQ  26214.03590175  .00008019  00000+0  10506-2 0  9994
2 33911  74.0882  67.2330 0009986 294.2597 216.6271 14.80464165920767
COSMOS 2251 DEB
1 33912U 93036DR  26214.18430422  .00001826  00000+0  44717-3 0  9990
2 33912  74.0339 111.3271 0010677 140.9605  13.3118 14.53184474918082
COSMOS 2251 DEB
1 33913U 93036DS  26214.66167582  .00001177  00000+0  31127-3 0  9998
2 33913  74.0334 106.9090 0047131 153.2651 232.4744 14.49320836918314
COSMOS 2251 DEB
1 33914U 93036DT  26214.52047870  .00000249  00000+0  21269-3 0  9996
2 33914  74.0913 351.3367 0303667  40.0338  37.7661 13.72261112872741
COSMOS 2251 DEB
1 33915U 93036DU  26214.41299791  .00000574  00000+0  19531-3 0  9996
2 33915  74.0441 327.4550 0106275   2.1631  60.3235 14.35662615910966
COSMOS 2251 DEB
1 33916U 93036DV  26214.45578330  .00000370  00000+0  31407-3 0  9990
2 33916  74.0516  18.1582 0323980 138.3506 258.4668 13.68800111870758
COSMOS 2251 DEB
1 33917U 93036DW  26214.12120474  .00000486  00000+0  38959-3 0  9994
2 33917  74.1047 101.1442 0333622 147.1974 215.0349 13.69931580869151
COSMOS 2251 DEB
1 33920U 93036DZ  26214.45166879  .00004154  00000+0  83797-3 0  9999
2 33920  74.0577 214.9236 0031891 171.6803 188.4900 14.61451889915118
