NOAA 15
1 25338U 98030A   26208.56888736  .00000140  00000+0  74888-4 0  9993
2 25338  98.5066 228.1098 0009357 224.1756 135.8679 14.27157422467054
NOAA 20 (JPSS-1)
1 43013U 17073A   26208.60139245  .00000048  00000+0  43683-4 0  9996
2 43013  98.7774 147.7064 0001767 110.5212 249.6154 14.19518430450205
NOAA 21 (JPSS-2)
1 54234U 22150A   26208.56300517  .00000052  00000+0  45430-4 0  9999
2 54234  98.7060 146.6742 0002936  82.7888 277.3622 14.19542857192277
TERRA
1 25994U 99068A   26208.64456914  .00000428  00000+0  95958-4 0  9991
2 25994  97.9434 256.5818 0003689  98.5706  54.0471 14.61132243415517
AQUA
1 27424U 02022A   26208.56654216  .00000827  00000+0  17434-3 0  9996
2 27424  98.4308 178.6632 0001444 101.1462 322.7445 14.62144631289170
AURA
1 28376U 04026A   26208.58884531  .00000817  00000+0  17486-3 0  9992
2 28376  98.3439 165.3833 0001495  93.2545 266.8827 14.61383887172110
LANDSAT 8
1 39084U 13008A   26208.60869144  .00000339  00000+0  85237-4 0  9995
2 39084  98.2283 278.2592 0001300  91.7585 268.3762 14.57101416703781
LANDSAT 9
1 49260U 21088A   26208.16245826  .00000339  00000+0  85427-4 0  9996
2 49260  98.2262 277.8516 0001086  97.4850 262.6472 14.57102553256821
SENTINEL-1A
1 39634U 14016A   26208.61908300  .00000192  00000+0  50365-4 0  9996
2 39634  98.1654 215.5499 0001410  84.3944 275.7416 14.59175844655919
SENTINEL-2A
1 40697U 15028A   26208.63429407  .00000010  00000+0  20365-4 0  9995
2 40697  98.5676 282.9082 0001368  94.4581 265.6758 14.30817006579515
SENTINEL-3A
1 41335U 16011A   26208.61134794  .00000107  00000+0  62356-4 0  9991
2 41335  98.6229 275.4097 0001230  86.9802 273.1519 14.26737208543827
SENTINEL-5P
1 42969U 17064A   26208.59027022  .00000049  00000+0  44376-4 0  9993
2 42969  98.7931 150.4362 0001227  91.1910 268.9407 14.19525033455297
ISS (ZARYA)
1 25544U 98067A   26208.37844919  .00011554  00000+0  21591-3 0  9999
2 25544  51.6322 101.1989 0007008 342.7043  17.3706 15.49203967577984
CSS (TIANHE)
1 48274U 21035A   26205.70067244  .00011455  00000+0  15064-3 0  9995
2 48274  41.4690  94.2105 0001495 308.5106  51.5598 15.58352000299028
HST
1 20580U 90037B   26208.10248366  .00006351  00000+0  19736-3 0  9995
2 20580  28.4721 167.6751 0001683 226.7960 133.2495 15.31168988794696
CYGFM05
1 41884U 16078A   26208.55961746  .00026992  00000+0  34244-3 0  9995
2 41884  34.9578 352.9014 0005641 172.4881 187.5929 15.58401166535050
CYGFM04
1 41885U 16078B   26208.58939753  .00034187  00000+0  35155-3 0  9999
2 41885  34.9331 318.2537 0004911 217.7765 142.2617 15.63799183535323
CYGFM02
1 41886U 16078C   26208.63490334  .00040079  00000+0  35879-3 0  9993
2 41886  34.9412 311.2186 0005519 219.5949 140.4376 15.67225189535513
LEGION 3
1 60452U 24146A   26208.59549520  .00003891  00000+0  21418-3 0  9990
2 60452  45.0001 173.9184 0006773  45.8812 314.2623 15.15727468108155
JASON-3
1 41240U 16002A   26208.62410083 -.00000025  00000+0  14597-3 0  9998
2 41240  66.0416  40.8199 0008109 269.5559  90.4530 12.87629237492458
SENTINEL-6A
1 46984U 20086A   26208.52881462 -.00000037  00000+0  10291-3 0  9997
2 46984  66.0410  51.2619 0007763 269.3497  90.6629 12.80930388265497
SWOT
1 54754U 22173A   26208.64569644 -.00000022  00000+0 -13133-4 0  9992
2 54754  77.6123 340.6911 0000150  63.2116 296.9051 14.00169552184819
SWARM B
1 39451U 13067A   26208.58929262  .00003740  00000+0  13251-3 0  9998
2 39451  87.7471 330.0457 0002254  95.6179 264.5327 15.28789333689416
SWARM A
1 39452U 13067B   26208.60627698  .00009958  00000+0  17584-3 0  9990
2 39452  87.3292  41.2111 0002628  74.1683 285.9868 15.50197334712513
TIMED
1 26998U 01055B   26208.21706486  .00001313  00000+0  12247-3 0  9993
2 26998  74.0680 154.4151 0002432 286.5902  73.5016 14.95368480336805
CRYOSAT 2
1 36508U 10013A   26208.60657384  .00000104  00000+0  25061-4 0  9996
2 36508  92.0351 287.1274 0002590  98.1001 262.0500 14.51900797863948
RESURS-DK 1
1 29228U 06021A   26208.22418204  .00002025  00000+0  11934-3 0  9992
2 29228  69.9299 235.8996 0007676 259.0664 100.9639 15.13357342108639
IRIDIUM 33
1 24946U 97051C   26208.31319690  .00000231  00000+0  74009-4 0  9996
2 24946  86.3907 333.1150 0007689 178.9598 181.1616 14.35163238510841
IRIDIUM 33 DEB
1 33773U 97051L   26208.59816917  .00000981  00000+0  28263-3 0  9990
2 33773  86.4042 324.4387 0013174 118.7329 241.5198 14.43709659916203
IRIDIUM 33 DEB
1 33775U 97051N   26208.22879867  .00001360  00000+0  40745-3 0  9996
2 33775  86.3651 312.8244 0015003 130.0610 253.6234 14.42116392914046
IRIDIUM 33 DEB
1 33776U 97051P   26208.36971220  .00000774  00000+0  24628-3 0  9998
2 33776  86.4070 345.5664 0015038 165.5915 223.5024 14.38585064913404
IRIDIUM 33 DEB
1 33777U 97051Q   26208.21881080  .00003490  00000+0  77018-3 0  9996
2 33777  86.3791 296.5764 0006207 193.4000 166.7045 14.57105737918304
IRIDIUM 33 DEB
1 33850U 97051T   26208.26971895  .00000926  00000+0  27196-3 0  9990
2 33850  86.3411 292.7382 0013575 135.1863 283.9353 14.42758294914187
IRIDIUM 33 DEB
1 33860U 97051AD  26208.25207478  .00005521  00000+0  90390-3 0  9991
2 33860  86.3813 286.6774 0005626 270.8279 150.1985 14.70632358920486
IRIDIUM 33 DEB
1 33862U 97051AF  26208.27657520  .00003642  00000+0  54255-3 0  9994
2 33862  86.4091 297.2306 0047090   5.2797  48.1041 14.73866229921560
IRIDIUM 33 DEB
1 33866U 97051AK  26208.36774844  .00004313  00000+0  16618-2 0  9993
2 33866  86.3028 357.0474 0114309 152.4233 236.5807 14.26553119900404
IRIDIUM 33 DEB
1 33953U 97051BN  26208.28050825  .00003297  00000+0  72189-3 0  9993
2 33953  86.3872 315.3027 0017843  62.3602 327.3624 14.57355277916012
IRIDIUM 33 DEB
1 33960U 97051BV  26208.39013678  .00014147  00000+0  12890-2 0  9996
2 33960  86.2566 181.6954 0004078  70.1864  81.5559 14.95045835922443
IRIDIUM 33 DEB
1 34071U 97051CE  26208.48674055  .00001709  00000+0  43170-3 0  9998
2 34071  86.3431 279.1854 0009740  79.0633 281.1667 14.50489504916205
IRIDIUM 33 DEB
1 34077U 97051CL  26208.24309868  .00007128  00000+0  12259-2 0  9999
2 34077  86.3863 311.4125 0006997 338.4631  49.7727 14.68493521916536
IRIDIUM 33 DEB
1 34079U 97051CN  26208.21325808  .00012000  00000+0  12245-2 0  9990
2 34079  86.3718 264.9741 0004306 231.0388 195.6075 14.90542190923449
IRIDIUM 33 DEB
1 34088U 97051CX  26208.20620293  .00035357  00000+0  23747-2 0  9994
2 34088  86.3749 285.2929 0005578 117.9898 271.0438 15.06632509921359
IRIDIUM 33 DEB
1 34521U 97051HN  26208.22838283  .00004869  00000+0  88217-3 0  9996
2 34521  86.3787 290.5888 0003500 171.1112 189.0164 14.66136698917880
COSMOS 2251 DEB
1 33757U 93036E   26208.56088057  .00000069  00000+0  35102-4 0  9992
2 33757  74.0362 269.5252 0015673 234.9184 194.3471 14.32631296912449
COSMOS 2251 DEB
1 33758U 93036F   26208.59946774  .00002813  00000+0  68691-3 0  9992
2 33758  74.0279 147.1549 0016313 167.8056   6.7317 14.53007397915980
COSMOS 2251 DEB
1 33760U 93036H   26208.43596361  .00000194  00000+0  76159-4 0  9990
2 33760  74.0296 225.3588 0021755 272.3322 156.2426 14.35796881913789
COSMOS 2251 DEB
1 33761U 93036J   26208.38591231  .00001125  00000+0  34188-3 0  9996
2 33761  74.0344 191.4242 0023930 223.3431 287.6425 14.43113837915039
COSMOS 2251 DEB
1 33762U 93036K   26208.58012330  .00000068  00000+0  33980-4 0  9992
2 33762  74.0401 255.2922 0016448 266.4247 256.6320 14.33725356912982
COSMOS 2251 DEB
1 33764U 93036M   26208.43295088  .00000737  00000+0  24219-3 0  9998
2 33764  74.0313 213.8962 0020578 124.9799  26.3166 14.39919151914198
COSMOS 2251 DEB
1 33765U 93036N   26208.03720993  .00050546  00000+0  18737-2 0  9993
2 33765  73.9994  58.9444 0050138  93.9664 266.7271 15.26179262930537
COSMOS 2251 DEB
1 33766U 93036P   26208.11994521  .00001085  00000+0  37651-3 0  9994
2 33766  74.1854  83.6334 0063663 222.6420 136.9783 14.35593424909932
COSMOS 2251 DEB
1 33768U 93036R   26208.19274861  .00000257  00000+0  24621-3 0  9995
2 33768  74.0665 214.3045 0368014 321.7149 108.5360 13.58629256863710
COSMOS 2251 DEB
1 33779U 93036U   26208.09501682  .00012030  00000+0  17685-2 0  9993
2 33779  74.0440  89.8069 0014757  75.7141  74.9365 14.75435674918614
COSMOS 2251 DEB
1 33819U 93036BL  26208.59238723  .00001920  00000+0  67996-3 0  9993
2 33819  74.1790 159.2254 0089666 315.7807 156.5378 14.32970365907447
COSMOS 2251 DEB
1 33821U 93036BN  26208.61085644  .00037669  00000+0  88855-3 0  9997
2 33821  74.0241  17.1914 0033394 349.7532  10.2991 15.41119811784783
COSMOS 2251 DEB
1 33822U 93036BP  26208.33113793  .00001647  00000+0  78470-3 0  9993
2 33822  74.0681 153.1859 0150575 145.3419  11.3268 14.14277941892569
COSMOS 2251 DEB
1 33823U 93036BQ  26208.42549946  .00000851  00000+0  49965-3 0  9990
2 33823  73.8095 111.8642 0208116 197.7742 287.0018 13.99419514887804
COSMOS 2251 DEB
1 33825U 93036BS  26208.25038463  .00005770  00000+0  85738-3 0  9993
2 33825  73.9840 305.9024 0076853 219.2721 169.5254 14.73213701922127
COSMOS 2251 DEB
1 33826U 93036BT  26208.34206456  .00001214  00000+0  27865-3 0  9999
2 33826  74.0642 342.8264 0083218 331.8971  54.1743 14.54562827910615
COSMOS 2251 DEB
1 33828U 93036BV  26208.40646306  .00001045  00000+0  30597-3 0  9998
2 33828  74.0455 176.3403 0029221 198.2586 323.5442 14.44950657915867
COSMOS 2251 DEB
1 33830U 93036BX  26208.54277872  .00004464  00000+0  59385-3 0  9998
2 33830  74.0314 144.6632 0042565 210.0422 265.4776 14.79393004928238
COSMOS 2251 DEB
1 33832U 93036BZ  26208.23508976  .00004969  00000+0  96338-3 0  9997
2 33832  74.0547 136.7264 0021832 116.1844  34.2793 14.63369376917359
COSMOS 2251 DEB
1 33835U 93036CC  26208.48143936  .00003039  00000+0  57132-3 0  9994
2 33835  74.0560  26.6593 0054636  21.1725   8.6467 14.64145844921069
COSMOS 2251 DEB
1 33836U 93036CD  26208.65038679  .00008813  00000+0  10683-2 0  9995
2 33836  73.9952 169.6424 0024406 315.6581 219.0558 14.83515692674491
COSMOS 2251 DEB
1 33837U 93036CE  26208.41010566  .00000948  00000+0  24450-3 0  9994
2 33837  74.0133 348.6784 0033653 155.8443 204.4305 14.51127080920833
COSMOS 2251 DEB
1 33838U 93036CF  26208.12256815  .00001041  00000+0  28068-3 0  9996
2 33838  74.0362  85.6201 0026506 152.3120   0.4113 14.48957041918475
COSMOS 2251 DEB
1 33839U 93036CG  26208.25322825  .00000865  00000+0  15933-3 0  9996
2 33839  74.0394 130.9950 0084047 186.6104 327.4313 14.64982860928966
COSMOS 2251 DEB
1 33911U 93036DQ  26208.08923858  .00008923  00000+0  11712-2 0  9994
2 33911  74.0892  78.9174 0009995 307.0212 204.4638 14.80363697919881
COSMOS 2251 DEB
1 33912U 93036DR  26208.19419793  .00002330  00000+0  56894-3 0  9992
2 33912  74.0337 122.6337 0010792 154.9361 355.3684 14.53159588917219
COSMOS 2251 DEB
1 33913U 93036DS  26208.19716627  .00001363  00000+0  35925-3 0  9996
2 33913  74.0339 119.0361 0047313 167.1887 343.5292 14.49304981917372
COSMOS 2251 DEB
1 33914U 93036DT  26208.45875326  .00000400  00000+0  33164-3 0  9992
2 33914  74.0906   1.3316 0303642  51.4689 331.9955 13.72257731871912
COSMOS 2251 DEB
1 33915U 93036DU  26208.34412690  .00000797  00000+0  26803-3 0  9993
2 33915  74.0440 338.5874 0106072  14.8585  14.0647 14.35654688910098
COSMOS 2251 DEB
1 33916U 93036DV  26208.46121823  .00000505  00000+0  42235-3 0  9996
2 33916  74.0510  28.0108 0324095 149.5268 239.2204 13.68794944869930
COSMOS 2251 DEB
1 33917U 93036DW  26208.13307595  .00000365  00000+0  29656-3 0  9999
2 33917  74.1052 110.9732 0333810 158.4586 203.0968 13.69925646868339
COSMOS 2251 DEB
1 33920U 93036DZ  26208.49610444  .00004987  00000+0  10059-2 0  9992
2 33920  74.0577 226.2987 0032087 184.5341 175.5541 14.61395980914245
