NOAA 15
1 25338U 98030A   26210.18140369  .00000120  00000+0  66796-4 0  9994
2 25338  98.5065 229.6787 0009442 219.0529 140.9971 14.27157859467281
NOAA 20 (JPSS-1)
1 43013U 17073A   26210.15208547  .00000060  00000+0  49422-4 0  9992
2 43013  98.7774 149.2433 0001812 108.3942 251.7431 14.19518724450420
NOAA 21 (JPSS-2)
1 54234U 22150A   26210.11367312  .00000037  00000+0  38095-4 0  9991
2 54234  98.7061 148.1988 0002933  80.2018 279.9489 14.19543110192498
TERRA
1 25994U 99068A   26210.06479882  .00000410  00000+0  92321-4 0  9991
2 25994  97.9432 257.9453 0003706  95.8172 322.8521 14.61133383415723
AQUA
1 27424U 02022A   26210.22144920  .00000786  00000+0  16610-3 0  9997
2 27424  98.4310 180.3518 0001493 100.7754  28.9464 14.62147248289419
AURA
1 28376U 04026A   26210.16362650  .00000786  00000+0  16873-3 0  9996
2 28376  98.3441 166.9717 0001523  92.9450 267.1925 14.61386348172347
LANDSAT 8
1 39084U 13008A   26210.05076109  .00000331  00000+0  83489-4 0  9997
2 39084  98.2281 279.6837 0001304  92.2211 267.9137 14.57102381703998
LANDSAT 9
1 49260U 21088A   26209.67319654  .00000310  00000+0  78790-4 0  9998
2 49260  98.2261 279.3436 0001081  99.4449 260.6872 14.57103556257040
SENTINEL-1A
1 39634U 14016A   26210.19625120  .00000395  00000+0  93571-4 0  9999
2 39634  98.1611 217.1012 0001426  82.2597 277.8764 14.59176206656147
SENTINEL-2A
1 40697U 15028A   26210.17275580  .00000099  00000+0  54575-4 0  9995
2 40697  98.5676 284.4241 0001365  94.2195 265.9144 14.30817696579736
SENTINEL-3A
1 41335U 16011A   26210.15420463  .00000100  00000+0  59406-4 0  9999
2 41335  98.6228 276.9299 0001215  87.1153 273.0167 14.26737605544045
SENTINEL-5P
1 42969U 17064A   26209.36561288  .00000042  00000+0  40886-4 0  9991
2 42969  98.7932 151.2061 0001241  91.3443 268.7875 14.19525148455409
ISS (ZARYA)
1 25544U 98067A   26210.12010944  .00008919  00000+0  16839-3 0  9998
2 25544  51.6320  92.5793 0007055 349.1886  10.8949 15.49239716578255
CSS (TIANHE)
1 48274U 21035A   26210.05831657  .00019945  00000+0  25713-3 0  9990
2 48274  41.4686  67.7847 0001111 300.2178  59.8550 15.58533133299706
HST
1 20580U 90037B   26209.99262856  .00006440  00000+0  20009-3 0  9997
2 20580  28.4725 154.7479 0001688 250.8512 109.1901 15.31191613794987
CYGFM05
1 41884U 16078A   26209.77671584  .00027328  00000+0  34579-3 0  9993
2 41884  34.9580 344.8210 0005752 184.7653 175.3017 15.58468548535248
CYGFM04
1 41885U 16078B   26209.67460935  .00034761  00000+0  35634-3 0  9991
2 41885  34.9330 310.9884 0005008 227.5775 132.4528 15.63875051535493
CYGFM02
1 41886U 16078C   26209.65403803  .00041597  00000+0  37098-3 0  9992
2 41886  34.9410 304.3610 0005604 228.9480 131.0763 15.67311269535673
LEGION 3
1 60452U 24146A   26210.17724145  .00003873  00000+0  21315-3 0  9991
2 60452  45.0002 165.4392 0006653  56.0521 304.0990 15.15740384108393
JASON-3
1 41240U 16002A   26210.17749639 -.00000037  00000+0  99800-4 0  9997
2 41240  66.0417  37.5538 0008106 269.4314  90.5776 12.87629244492657
SENTINEL-6A
1 46984U 20086A   26209.93418100 -.00000046  00000+0  65978-4 0  9991
2 46984  66.0410  48.3427 0007758 269.4089  90.6037 12.80930382265670
SWOT
1 54754U 22173A   26210.21769075 -.00000013  00000+0 -73929-5 0  9998
2 54754  77.6125 338.5692 0000143  58.3719 301.7446 14.00169713185036
SWARM B
1 39451U 13067A   26210.16025102  .00003809  00000+0  13495-3 0  9991
2 39451  87.7477 329.5689 0002288  97.0326 263.1184 15.28800704689657
SWARM A
1 39452U 13067B   26210.22010015  .00010501  00000+0  18525-3 0  9992
2 39452  87.3291  40.6112 0002528  74.6045 285.5495 15.50229380712768
TIMED
1 26998U 01055B   26210.09030741  .00001285  00000+0  11993-3 0  9991
2 26998  74.0681 150.6432 0002429 284.8789  75.2126 14.95373178337088
CRYOSAT 2
1 36508U 10013A   26210.12281632  .00000130  00000+0  31613-4 0  9994
2 36508  92.0349 287.4958 0002623  97.6593 262.4912 14.51901139864161
RESURS-DK 1
1 29228U 06021A   26209.81051034  .00001997  00000+0  11776-3 0  9993
2 29228  69.9301 231.7922 0007688 257.7244 102.3061 15.13363695108878
IRIDIUM 33
1 24946U 97051C   26210.05626278  .00000217  00000+0  69146-4 0  9993
2 24946  86.3909 332.3838 0007914 173.4162 186.7139 14.35163900511090
IRIDIUM 33 DEB
1 33773U 97051L   26209.36058156  .00000945  00000+0  27219-3 0  9999
2 33773  86.4042 324.1156 0013219 116.6114 243.6444 14.43710949916316
IRIDIUM 33 DEB
1 33775U 97051N   26209.78239100  .00001288  00000+0  38524-3 0  9999
2 33775  86.3652 312.1608 0015099 125.6636  38.5557 14.42120005914265
IRIDIUM 33 DEB
1 33776U 97051P   26209.85588184  .00000729  00000+0  23169-3 0  9995
2 33776  86.4073 344.9423 0015213 160.9651 359.9833 14.38587060913617
IRIDIUM 33 DEB
1 33777U 97051Q   26209.72962455  .00003519  00000+0  77648-3 0  9990
2 33777  86.3789 295.9180 0006392 188.2254 171.8850 14.57115885918524
IRIDIUM 33 DEB
1 33850U 97051T   26209.67643270  .00000898  00000+0  26335-3 0  9991
2 33850  86.3411 292.1328 0013682 131.1769  29.6717 14.42760647914387
IRIDIUM 33 DEB
1 33860U 97051AD  26209.97463897  .00005502  00000+0  90044-3 0  9995
2 33860  86.3814 285.9111 0005723 262.3847 272.4688 14.70650561920731
IRIDIUM 33 DEB
1 33862U 97051AF  26209.99650080  .00003525  00000+0  52498-3 0  9995
2 33862  86.4091 296.4672 0046796 359.1798 174.0391 14.73877489921816
IRIDIUM 33 DEB
1 33866U 97051AK  26209.86470324  .00004287  00000+0  16514-2 0  9990
2 33866  86.3033 356.4129 0114453 147.6748   4.2870 14.26565183900614
IRIDIUM 33 DEB
1 33953U 97051BN  26209.74576032  .00003209  00000+0  70233-3 0  9999
2 33953  86.3874 314.6652 0017714  57.8846  94.3092 14.57363874916221
IRIDIUM 33 DEB
1 33960U 97051BV  26210.17149323  .00015765  00000+0  14345-2 0  9996
2 33960  86.2566 180.8436 0004056  69.7913 303.2746 14.95098978922712
IRIDIUM 33 DEB
1 34071U 97051CE  26209.93545417  .00001546  00000+0  38981-3 0  9991
2 34071  86.3430 278.5545 0009658  75.3494 284.8781 14.50493360916411
IRIDIUM 33 DEB
1 34077U 97051CL  26210.04251806  .00007392  00000+0  12707-2 0  9999
2 34077  86.3868 310.6156 0006822 330.7524 204.1294 14.68519279916792
IRIDIUM 33 DEB
1 34079U 97051CN  26209.91150139  .00012910  00000+0  13161-2 0  9999
2 34079  86.3713 264.1925 0004516 223.9381 309.4619 14.90583845923694
IRIDIUM 33 DEB
1 34088U 97051CX  26209.69148969  .00036728  00000+0  24592-2 0  9995
2 34088  86.3743 284.5925 0005497 113.2581  46.6339 15.06740703921575
IRIDIUM 33 DEB
1 34521U 97051HN  26209.66164585  .00004973  00000+0  90076-3 0  9994
2 34521  86.3785 289.9551 0003690 167.3173 192.8134 14.66150025918094
COSMOS 2251 DEB
1 33757U 93036E   26209.90779691  .00000065  00000+0  33319-4 0  9996
2 33757  74.0360 267.0662 0015634 232.3034 300.8622 14.32631481912637
COSMOS 2251 DEB
1 33758U 93036F   26209.81122587  .00002763  00000+0  67471-3 0  9995
2 33758  74.0281 144.8675 0016284 165.0750 225.3838 14.53013727916167
COSMOS 2251 DEB
1 33760U 93036H   26209.49883404  .00000181  00000+0  71354-4 0  9992
2 33760  74.0296 223.4076 0021757 270.2466 249.9591 14.35797291913934
COSMOS 2251 DEB
1 33761U 93036J   26210.03328296  .00001089  00000+0  33137-3 0  9992
2 33761  74.0348 188.3651 0023873 219.9672 205.9977 14.43117190915273
COSMOS 2251 DEB
1 33762U 93036K   26209.82727147  .00000067  00000+0  33470-4 0  9992
2 33762  74.0400 253.0120 0016446 263.9974 213.5205 14.33725546913160
COSMOS 2251 DEB
1 33764U 93036M   26210.00774638  .00000673  00000+0  22181-3 0  9992
2 33764  74.0313 210.9861 0020549 121.5294 269.7607 14.39921149914424
COSMOS 2251 DEB
1 33765U 93036N   26210.00360708  .00057728  00000+0  21233-2 0  9991
2 33765  73.9984  54.7732 0049789  89.0348 271.6557 15.26416291930836
COSMOS 2251 DEB
1 33766U 93036P   26210.00147037  .00001011  00000+0  35130-3 0  9996
2 33766  74.1852  80.2127 0063600 218.6891 140.9699 14.35597034910205
COSMOS 2251 DEB
1 33768U 93036R   26210.03129781  .00000252  00000+0  24183-3 0  9999
2 33768  74.0666 211.3359 0368028 318.3452 100.9987 13.58630296863964
COSMOS 2251 DEB
1 33779U 93036U   26210.05599154  .00012659  00000+0  18585-2 0  9990
2 33779  74.0433  85.9736 0014785  71.3887  50.9379 14.75484612918901
COSMOS 2251 DEB
1 33819U 93036BL  26209.83260852  .00001878  00000+0  66523-3 0  9996
2 33819  74.1799 156.9795 0089636 313.2421  74.4154 14.32974994907624
COSMOS 2251 DEB
1 33821U 93036BN  26210.16878479  .00041517  00000+0  97431-3 0  9993
2 33821  74.0242  13.8154 0033602 345.7573  14.2684 15.41246660785020
COSMOS 2251 DEB
1 33822U 93036BP  26209.32146463  .00001587  00000+0  75642-3 0  9994
2 33822  74.0681 151.4342 0150580 143.3189  13.5140 14.14281048892707
COSMOS 2251 DEB
1 33823U 93036BQ  26210.05777839  .00000870  00000+0  51042-3 0  9996
2 33823  73.8093 109.0013 0208075 194.6108 230.3014 13.99422122888031
COSMOS 2251 DEB
1 33825U 93036BS  26209.96551249  .00005844  00000+0  86800-3 0  9997
2 33825  73.9841 302.5492 0076749 215.5691 265.8163 14.73233351922378
COSMOS 2251 DEB
1 33826U 93036BT  26210.07866036  .00001223  00000+0  28068-3 0  9994
2 33826  74.0643 339.5466 0083289 328.1421 147.7692 14.54567094910860
COSMOS 2251 DEB
1 33828U 93036BV  26210.17789251  .00001028  00000+0  30100-3 0  9993
2 33828  74.0456 173.0431 0029151 194.4845 178.2510 14.44954250916125
COSMOS 2251 DEB
1 33830U 93036BX  26210.15614762  .00004572  00000+0  60795-3 0  9998
2 33830  74.0317 141.4877 0042505 206.4698 218.0014 14.79407497928472
COSMOS 2251 DEB
1 33832U 93036BZ  26209.78477411  .00005133  00000+0  99450-3 0  9999
2 33832  74.0550 133.7570 0021822 112.6810 278.3903 14.63384673917589
COSMOS 2251 DEB
1 33835U 93036CC  26209.93935773  .00002737  00000+0  51501-3 0  9991
2 33835  74.0560  23.8617 0054700  17.9530 133.2825 14.64152728921279
COSMOS 2251 DEB
1 33836U 93036CD  26210.17104453  .00009624  00000+0  11652-2 0  9997
2 33836  73.9957 166.6233 0024401 312.3240  60.3778 14.83544373674727
COSMOS 2251 DEB
1 33837U 93036CE  26209.78890846  .00000910  00000+0  23477-3 0  9999
2 33837  74.0135 346.0809 0033590 152.8975 207.3949 14.51129446921039
COSMOS 2251 DEB
1 33838U 93036CF  26210.04974720  .00001047  00000+0  28220-3 0  9998
2 33838  74.0360  82.0073 0026459 148.1092 333.1749 14.48961080918759
COSMOS 2251 DEB
1 33839U 93036CG  26210.14900644  .00000857  00000+0  15781-3 0  9990
2 33839  74.0394 127.3493 0083962 182.4814 245.6558 14.64986035929247
COSMOS 2251 DEB
1 33911U 93036DQ  26210.04355028  .00009491  00000+0  12443-2 0  9994
2 33911  74.0888  75.0778 0009988 302.7067 179.6551 14.80399453920176
COSMOS 2251 DEB
1 33912U 93036DR  26210.02672134  .00002198  00000+0  53696-3 0  9996
2 33912  74.0347 119.1750 0010718 150.7708 222.2586 14.53167263917488
COSMOS 2251 DEB
1 33913U 93036DS  26209.76177639  .00001326  00000+0  34965-3 0  9996
2 33913  74.0338 116.1011 0047272 163.8321 226.9226 14.49308949917606
COSMOS 2251 DEB
1 33914U 93036DT  26210.16529507  .00000350  00000+0  29215-3 0  9996
2 33914  74.0909 358.5178 0303619  48.2509 122.5422 13.72258893872146
COSMOS 2251 DEB
1 33915U 93036DU  26209.83303557  .00000745  00000+0  25103-3 0  9994
2 33915  74.0440 335.8562 0106120  11.7473 149.2964 14.35656794910305
COSMOS 2251 DEB
1 33916U 93036DV  26209.94351875  .00000473  00000+0  39719-3 0  9999
2 33916  74.0511  25.5744 0324069 146.7629 343.5003 13.68796333870134
COSMOS 2251 DEB
1 33917U 93036DW  26209.66662512  .00000406  00000+0  32797-3 0  9997
2 33917  74.1051 108.4560 0333768 155.5730 206.1628 13.69927016868543
COSMOS 2251 DEB
1 33920U 93036DZ  26210.07058700  .00005218  00000+0  10518-2 0  9998
2 33920  74.0573 223.2917 0032032 181.1928 178.9168 14.61412020914477
