NOAA 15
1 25338U 98030A   26201.48783179  .00000027  00000+0  28627-4 0  9996
2 25338  98.5064 221.2202 0009089 247.1652 112.8570 14.27155243466047
NOAA 20 (JPSS-1)
1 43013U 17073A   26201.55278409  .00000026  00000+0  33455-4 0  9991
2 43013  98.7772 140.7200 0001571 118.8799 241.2535 14.19517145449203
NOAA 21 (JPSS-2)
1 54234U 22150A   26201.58499540  .00000023  00000+0  31645-4 0  9990
2 54234  98.7059 139.8133 0002920  94.7914 265.3596 14.19541617191289
TERRA
1 25994U 99068A   26201.58940008  .00000183  00000+0  46306-4 0  9990
2 25994  97.9437 249.8082 0003599 112.2250  31.9400 14.61126180414480
AQUA
1 27424U 02022A   26201.59890731  .00000387  00000+0  86838-4 0  9992
2 27424  98.4300 171.5543 0001306 102.1203  27.8992 14.62133097288157
AURA
1 28376U 04026A   26201.53652960  .00000395  00000+0  89737-4 0  9999
2 28376  98.3433 158.2703 0001399  93.9388 266.1972 14.61372341171088
LANDSAT 8
1 39084U 13008A   26201.53566847  .00000142  00000+0  41596-4 0  9996
2 39084  98.2285 271.2721 0001345  91.7446 268.3906 14.57096385702759
LANDSAT 9
1 49260U 21088A   26201.43279144  .00000162  00000+0  46150-4 0  9993
2 49260  98.2265 271.2051 0001082  92.1239 268.0083 14.57097708255849
SENTINEL-1A
1 39634U 14016A   26201.55610721  .00000244  00000+0  61417-4 0  9997
2 39634  98.1735 208.5999 0001445  82.9304 277.2060 14.59174518654882
SENTINEL-2A
1 40697U 15028A   26201.57135036  .00000108  00000+0  57770-4 0  9991
2 40697  98.5670 275.9473 0001323  96.4078 263.7256 14.30815688578503
SENTINEL-3A
1 41335U 16011A   26201.59836389  .00000028  00000+0  29542-4 0  9992
2 41335  98.6233 268.4993 0001313  89.0388 271.0943 14.26740696542826
SENTINEL-5P
1 42969U 17064A   26201.33024003  .00000008  00000+0  24691-4 0  9997
2 42969  98.7929 143.2272 0001201  93.1734 266.9580 14.19523793454269
ISS (ZARYA)
1 25544U 98067A   26201.47589808  .00004742  00000+0  93971-4 0  9999
2 25544  51.6314 135.3560 0006828 318.0948  41.9517 15.49061331576910
CSS (TIANHE)
1 48274U 21035A   26201.47071797  .00012149  00000+0  16027-3 0  9994
2 48274  41.4682 119.8551 0001861 306.8852  53.1815 15.58221898298360
HST
1 20580U 90037B   26201.38898824  .00003283  00000+0  98758-4 0  9991
2 20580  28.4721 213.5880 0002113 153.5255 206.5449 15.31091502793669
CYGFM05
1 41884U 16078A   26201.25593410  .00016219  00000+0  20939-3 0  9991
2 41884  34.9574  41.3756 0005308  93.0572 267.0760 15.58013309533911
CYGFM04
1 41885U 16078B   26201.56616858  .00023177  00000+0  24353-3 0  9993
2 41885  34.9330   5.2560 0004280 147.8998 212.1989 15.63310791534222
CYGFM02
1 41886U 16078C   26201.56313965  .00027933  00000+0  25665-3 0  9998
2 41886  34.9411 358.7798 0005032 148.9969 211.1056 15.66640166534407
LEGION 3
1 60452U 24146A   26201.41155330  .00001327  00000+0  82208-4 0  9993
2 60452  45.0013 212.4280 0007693   2.7396 357.3524 15.15672199107062
JASON-3
1 41240U 16002A   26201.63381959 -.00000067  00000+0 -17580-4 0  9994
2 41240  66.0416  55.5175 0008132 270.4077  89.6010 12.87628846491555
SENTINEL-6A
1 46984U 20086A   26201.34583036 -.00000063  00000+0 -84210-5 0  9990
2 46984  66.0411  66.1822 0007784 269.6503  90.3620 12.80930231264576
SWOT
1 54754U 22173A   26201.57172864  .00000017  00000+0  13057-4 0  9998
2 54754  77.6117 350.2397 0000229  67.5102 292.6074 14.00172578183826
SWARM B
1 39451U 13067A   26201.65075093  .00002123  00000+0  74743-4 0  9991
2 39451  87.7465 332.1520 0002201  87.6523 272.4979 15.28738882688355
SWARM A
1 39452U 13067B   26201.50651515  .00006358  00000+0  10682-3 0  9990
2 39452  87.3301  43.8496 0003325  91.5217 268.6425 15.51521277711412
TIMED
1 26998U 01055B   26201.32615627  .00000610  00000+0  58910-4 0  9991
2 26998  74.0670 168.2903 0002355 294.6968  65.3972 14.95350961335778
CRYOSAT 2
1 36508U 10013A   26201.57671918  .00000054  00000+0  12562-4 0  9990
2 36508  92.0355 285.4188 0002468  98.8996 261.2491 14.51899383862926
RESURS-DK 1
1 29228U 06021A   26201.41611342  .00000982  00000+0  61107-4 0  9992
2 29228  69.9301 253.5278 0007419 265.4127  94.6192 15.13330043107601
IRIDIUM 33
1 24946U 97051C   26201.34092489  .00000139  00000+0  41812-4 0  9999
2 24946  86.3901 336.0398 0006824 202.8661 157.2232 14.35160270509848
IRIDIUM 33 DEB
1 33773U 97051L   26201.38986688  .00000464  00000+0  13056-3 0  9993
2 33773  86.4037 327.4928 0012684 139.1247 221.0908 14.43696244915163
IRIDIUM 33 DEB
1 33775U 97051N   26201.56530681  .00000728  00000+0  21520-3 0  9991
2 33775  86.3651 315.6706 0014475 149.1554 222.4501 14.42099084913082
IRIDIUM 33 DEB
1 33776U 97051P   26201.34319193  .00000433  00000+0  13492-3 0  9993
2 33776  86.4063 348.5170 0014162 188.2068 194.4257 14.38575366912394
IRIDIUM 33 DEB
1 33777U 97051Q   26201.35134199  .00001944  00000+0  42732-3 0  9993
2 33777  86.3789 299.5698 0005352 220.1371 139.9443 14.57060178917301
IRIDIUM 33 DEB
1 33850U 97051T   26201.33546731  .00000527  00000+0  15216-3 0  9995
2 33850  86.3415 295.7222 0012903 155.5772 270.6136 14.42746558913187
IRIDIUM 33 DEB
1 33860U 97051AD  26201.23743851  .00002817  00000+0  46014-3 0  9991
2 33860  86.3812 289.7996 0005597 306.9335  81.9249 14.70555730919453
IRIDIUM 33 DEB
1 33862U 97051AF  26201.54865416  .00002238  00000+0  33199-3 0  9996
2 33862  86.4087 300.2177 0048200  28.7188 350.8779 14.73815630920575
IRIDIUM 33 DEB
1 33866U 97051AK  26201.42360810  .00002260  00000+0  86916-3 0  9995
2 33866  86.3023 359.9904 0113509 174.5509 215.2717 14.26498440899417
IRIDIUM 33 DEB
1 33953U 97051BN  26201.35026697  .00001610  00000+0  35040-3 0  9996
2 33953  86.3869 318.3183 0018320  83.0455 331.3512 14.57311655915002
IRIDIUM 33 DEB
1 33960U 97051BV  26201.42878836  .00006518  00000+0  59595-3 0  9995
2 33960  86.2570 185.0230 0004566  74.9352  77.2123 14.94847952921402
IRIDIUM 33 DEB
1 34071U 97051CE  26201.51905060  .00000904  00000+0  22598-3 0  9995
2 34071  86.3436 282.2193 0009922  97.0682 263.1651 14.50466964915192
IRIDIUM 33 DEB
1 34077U 97051CL  26201.36759654  .00003837  00000+0  65968-3 0  9996
2 34077  86.3860 314.4588 0007898   6.5309  58.7750 14.68395530915520
IRIDIUM 33 DEB
1 34079U 97051CN  26201.15681725  .00006338  00000+0  64880-3 0  9999
2 34079  86.3714 268.2225 0003489 268.6949 120.9407 14.90362878922395
IRIDIUM 33 DEB
1 34088U 97051CX  26201.30504961  .00018942  00000+0  12910-2 0  9992
2 34088  86.3754 288.5468 0005933 140.1969 289.3511 15.06138428920311
IRIDIUM 33 DEB
1 34521U 97051HN  26201.53964455  .00002747  00000+0  49669-3 0  9995
2 34521  86.3783 293.5471 0002628 190.2978 169.8182 14.66072107916901
COSMOS 2251 DEB
1 33757U 93036E   26201.64537135  .00000027  00000+0  19474-4 0  9998
2 33757  74.0372 282.1504 0015790 248.2884 168.7403 14.32630198911456
COSMOS 2251 DEB
1 33758U 93036F   26201.64698000  .00001439  00000+0  35502-3 0  9995
2 33758  74.0266 160.2790 0016531 183.3415 359.2699 14.52970074914971
COSMOS 2251 DEB
1 33760U 93036H   26201.26010006  .00000073  00000+0  34148-4 0  9999
2 33760  74.0299 238.5317 0021677 286.4738 145.9494 14.35794156912757
COSMOS 2251 DEB
1 33761U 93036J   26201.28978714  .00000543  00000+0  16923-3 0  9993
2 33761  74.0337 204.6022 0024151 237.9063 142.3462 14.43098886914013
COSMOS 2251 DEB
1 33762U 93036K   26201.30455598  .00000012  00000+0  13835-4 0  9998
2 33762  74.0410 268.5948 0016405 280.4840 145.4668 14.33724310911949
COSMOS 2251 DEB
1 33764U 93036M   26201.46530162  .00000348  00000+0  11891-3 0  9999
2 33764  74.0313 226.7714 0020779 140.0501 267.6834 14.39909432913191
COSMOS 2251 DEB
1 33765U 93036N   26201.34937347  .00022828  00000+0  86594-3 0  9992
2 33765  73.9987  73.1207 0051919 109.9235 250.7569 15.25495639929512
COSMOS 2251 DEB
1 33766U 93036P   26201.43003946  .00000600  00000+0  21197-3 0  9994
2 33766  74.1859  95.7950 0063890 236.6846 122.8180 14.35579584908973
COSMOS 2251 DEB
1 33768U 93036R   26201.27359222  .00000078  00000+0  88767-4 0  9995
2 33768  74.0663 225.4764 0367862 334.4131 106.5414 13.58625999862774
COSMOS 2251 DEB
1 33779U 93036U   26201.17853296  .00006760  00000+0  10009-2 0  9992
2 33779  74.0431 103.3239 0014443  90.7123  60.0774 14.75262511917598
COSMOS 2251 DEB
1 33819U 93036BL  26201.61279025  .00001012  00000+0  36282-3 0  9995
2 33819  74.1781 171.8648 0089628 330.2211 151.4324 14.32943705906445
COSMOS 2251 DEB
1 33821U 93036BN  26201.27397772  .00021473  00000+0  51796-3 0  9990
2 33821  74.0246  33.0793 0032831   8.6435 351.5331 15.40567921783650
COSMOS 2251 DEB
1 33822U 93036BP  26201.60392539  .00001159  00000+0  55572-3 0  9999
2 33822  74.0670 165.0848 0150607 159.0558 320.4912 14.14256027891616
COSMOS 2251 DEB
1 33823U 93036BQ  26201.49039667  .00000562  00000+0  33522-3 0  9995
2 33823  73.8098 124.0274 0208379 211.1990 268.6554 13.99408499886833
COSMOS 2251 DEB
1 33825U 93036BS  26201.39679154  .00002602  00000+0  39049-3 0  9994
2 33825  73.9836 319.3025 0077016 234.0164 182.3070 14.73138817921111
COSMOS 2251 DEB
1 33826U 93036BT  26201.39546558  .00000664  00000+0  15567-3 0  9991
2 33826  74.0638 355.9460 0083039 347.0068  38.8392 14.54547165909604
COSMOS 2251 DEB
1 33828U 93036BV  26201.39404235  .00000543  00000+0  16282-3 0  9999
2 33828  74.0446 189.3927 0029508 213.0034 206.4226 14.44936598914859
COSMOS 2251 DEB
1 33830U 93036BX  26201.57837098  .00002357  00000+0  31639-3 0  9997
2 33830  74.0307 158.3708 0042842 225.5499 255.1200 14.79331363927203
COSMOS 2251 DEB
1 33832U 93036BZ  26201.33098747  .00002687  00000+0  52472-3 0  9997
2 33832  74.0541 149.9551 0021751 131.8673  22.7703 14.63302330916340
COSMOS 2251 DEB
1 33835U 93036CC  26201.51106639  .00001672  00000+0  31730-3 0  9997
2 33835  74.0550  40.0328 0054550  36.5287 348.6996 14.64104413920040
COSMOS 2251 DEB
1 33836U 93036CD  26201.36397957  .00003955  00000+0  48373-3 0  9993
2 33836  73.9950 184.1079 0024418 331.5237 186.9392 14.83392843673415
COSMOS 2251 DEB
1 33837U 93036CE  26201.44711312  .00000455  00000+0  12110-3 0  9990
2 33837  74.0125   1.7963 0033949 170.6797 189.5001 14.51114328919829
COSMOS 2251 DEB
1 33838U 93036CF  26201.14870934  .00000476  00000+0  13248-3 0  9990
2 33838  74.0368  98.6928 0026701 167.4610 342.8927 14.48943067917466
COSMOS 2251 DEB
1 33839U 93036CG  26201.55392425  .00000395  00000+0  76094-4 0  9999
2 33839  74.0391 143.8781 0084347 201.1745 275.8926 14.64971592927982
COSMOS 2251 DEB
1 33911U 93036DQ  26201.12806021  .00004443  00000+0  58756-3 0  9997
2 33911  74.0887  92.5907 0010053 321.6755 188.7086 14.80241037918852
COSMOS 2251 DEB
1 33912U 93036DR  26201.31150345  .00001189  00000+0  29390-3 0  9996
2 33912  74.0336 135.6241 0010938 170.7357 348.7240 14.53128867916218
COSMOS 2251 DEB
1 33913U 93036DS  26200.86229078  .00000658  00000+0  17724-3 0  9994
2 33913  74.0336 132.7951 0047564 182.9573 233.9059 14.49286207916317
COSMOS 2251 DEB
1 33914U 93036DT  26201.46206378  .00000202  00000+0  17534-3 0  9994
2 33914  74.0900  12.8687 0303591  64.6662 327.4926 13.72251697870950
COSMOS 2251 DEB
1 33915U 93036DU  26201.37506734  .00000404  00000+0  14009-3 0  9992
2 33915  74.0433 351.3710 0105921  29.4662 355.5063 14.35643701909099
COSMOS 2251 DEB
1 33916U 93036DV  26201.32892807  .00000244  00000+0  21273-3 0  9990
2 33916  74.0507  39.7338 0324189 162.8317  13.7956 13.68787986868955
COSMOS 2251 DEB
1 33917U 93036DW  26201.19556703  .00000210  00000+0  17803-3 0  9995
2 33917  74.1055 122.3600 0334013 171.4986 189.1995 13.69920956867385
COSMOS 2251 DEB
1 33920U 93036DZ  26201.10266202  .00002269  00000+0  46200-3 0  9991
2 33920  74.0581 240.4182 0032339 200.1396 159.8497 14.61327737913160
