NOAA 15
1 25338U 98030A   26213.26621619  .00000112  00000+0  63203-4 0  9999
2 25338  98.5065 232.6800 0009589 209.3547 150.7096 14.27158835467726
NOAA 20 (JPSS-1)
1 43013U 17073A   26213.25347047  .00000035  00000+0  37748-4 0  9995
2 43013  98.7775 152.3174 0001861 104.8831 255.2551 14.19519211450862
NOAA 21 (JPSS-2)
1 54234U 22150A   26213.28549311  .00000057  00000+0  47883-4 0  9990
2 54234  98.7062 151.3175 0002908  74.5643 285.5855 14.19543675192941
TERRA
1 25994U 99068A   26213.21249987  .00000350  00000+0  80084-4 0  9998
2 25994  97.9428 260.9671 0003681  89.7012 316.2404 14.61135772416183
AQUA
1 27424U 02022A   26213.30065501  .00000711  00000+0  15117-3 0  9995
2 27424  98.4315 183.4937 0001543  99.1447  29.1379 14.62151781289863
AURA
1 28376U 04026A   26213.31318106  .00000705  00000+0  15232-3 0  9992
2 28376  98.3445 170.1487 0001548  92.0753 268.0625 14.61390935172801
LANDSAT 8
1 39084U 13008A   26213.27824675  .00000294  00000+0  75333-4 0  9990
2 39084  98.2277 282.8718 0001275  92.4910 267.6434 14.57104473704466
LANDSAT 9
1 49260U 21088A   26213.17535851  .00000307  00000+0  78246-4 0  9999
2 49260  98.2257 282.8023 0001096 102.1598 257.9724 14.57106076257550
SENTINEL-1A
1 39634U 14016A   26213.28185752  .00000319  00000+0  77255-4 0  9991
2 39634  98.1609 220.1361 0001410  82.4523 277.6837 14.59278657656590
SENTINEL-2A
1 40697U 15028A   26213.24967738  .00000092  00000+0  51774-4 0  9990
2 40697  98.5671 287.4570 0001329  92.6662 267.4673 14.30818788580177
SENTINEL-3A
1 41335U 16011A   26213.31004641  .00000096  00000+0  57691-4 0  9994
2 41335  98.6224 280.0394 0001170  86.4748 273.6567 14.26738469544493
SENTINEL-5P
1 42969U 17064A   26213.31281079  .00000047  00000+0  43230-4 0  9999
2 42969  98.7934 155.1257 0001248  90.3194 269.8125 14.19525824455962
ISS (ZARYA)
1 25544U 98067A   26213.08729591  .00007538  00000+0  14334-3 0  9995
2 25544  51.6316  77.8927 0007210 359.3033   0.7945 15.49292827578712
CSS (TIANHE)
1 48274U 21035A   26213.32621828  .00017851  00000+0  22948-3 0  9991
2 48274  41.4685  47.9613 0000997 286.4724  73.6005 15.58666960300212
HST
1 20580U 90037B   26213.12108248  .00006317  00000+0  19591-3 0  9998
2 20580  28.4729 133.3523 0001692 293.3532  66.6886 15.31229909795466
CYGFM05
1 41884U 16078A   26213.29960414  .00023734  00000+0  29843-3 0  9993
2 41884  34.9576 321.4272 0006168 217.3377 142.6919 15.58650846535792
CYGFM04
1 41885U 16078B   26213.31288029  .00030264  00000+0  30752-3 0  9999
2 41885  34.9319 286.6231 0005116 258.3450 101.6702 15.64116359536063
CYGFM02
1 41886U 16078C   26213.28426082  .00035725  00000+0  31518-3 0  9997
2 41886  34.9398 279.9258 0005666 259.9281 100.0808 15.67598691536240
LEGION 3
1 60452U 24146A   26213.27478943  .00003721  00000+0  20523-3 0  9999
2 60452  45.0004 148.8341 0006573  76.8686 283.2926 15.15764425108868
JASON-3
1 41240U 16002A   26213.20661744 -.00000057  00000+0  22337-4 0  9997
2 41240  66.0420  31.1849 0008109 269.1091  90.8998 12.87629350493049
SENTINEL-6A
1 46984U 20086A   26212.97914122 -.00000063  00000+0 -75139-5 0  9995
2 46984  66.0412  42.0178 0007759 269.4119  90.6007 12.80930442266069
SWOT
1 54754U 22173A   26213.29023458  .00000087  00000+0  60737-4 0  9998
2 54754  77.6127 334.4222 0000136  39.4837 320.6325 14.00170303185465
SWARM B
1 39451U 13067A   26213.30213260  .00003391  00000+0  11989-3 0  9996
2 39451  87.7478 328.6159 0002303  98.9070 261.2440 15.28822493690132
SWARM A
1 39452U 13067B   26213.25435827  .00008753  00000+0  15535-3 0  9994
2 39452  87.3294  39.4837 0003069  85.9328 274.2283 15.50034196713233
TIMED
1 26998U 01055B   26213.23466465  .00001197  00000+0  11197-3 0  9994
2 26998  74.0682 144.3117 0002478 281.2625  78.8281 14.95380985337550
CRYOSAT 2
1 36508U 10013A   26213.29314036  .00000158  00000+0  38403-4 0  9994
2 36508  92.0345 288.2662 0002673  96.5576 263.5935 14.51901909864625
RESURS-DK 1
1 29228U 06021A   26213.31362789  .00001902  00000+0  11239-3 0  9995
2 29228  69.9303 222.7218 0007658 254.8271 105.2049 15.13377547109402
IRIDIUM 33
1 24946U 97051C   26213.33322454  .00000221  00000+0  70380-4 0  9993
2 24946  86.3912 331.0096 0008314 163.6058 196.5409 14.35165249511565
IRIDIUM 33 DEB
1 33773U 97051L   26213.31125379  .00000826  00000+0  23712-3 0  9993
2 33773  86.4044 322.4420 0013365 105.6707 254.5970 14.43717063916882
IRIDIUM 33 DEB
1 33775U 97051N   26213.29986878  .00001146  00000+0  34213-3 0  9995
2 33775  86.3651 310.6583 0015235 115.9206 298.1766 14.42127779914773
IRIDIUM 33 DEB
1 33776U 97051P   26213.30779543  .00000718  00000+0  22811-3 0  9992
2 33776  86.4077 343.4931 0015601 150.4747 236.3214 14.38592024914113
IRIDIUM 33 DEB
1 33777U 97051Q   26213.30059799  .00003042  00000+0  67010-3 0  9990
2 33777  86.3782 294.3617 0006849 176.5385 183.5873 14.57137966919044
IRIDIUM 33 DEB
1 33850U 97051T   26213.26322830  .00000887  00000+0  26006-3 0  9990
2 33850  86.3407 290.5891 0013924 120.9997 297.6288 14.42767119914906
IRIDIUM 33 DEB
1 33860U 97051AD  26213.21776001  .00004565  00000+0  74595-3 0  9992
2 33860  86.3804 284.4679 0006064 247.1560 166.8763 14.70683417921215
IRIDIUM 33 DEB
1 33862U 97051AF  26213.30332928  .00002943  00000+0  43767-3 0  9995
2 33862  86.4084 294.9994 0046305 347.3896  80.3475 14.73897495922308
IRIDIUM 33 DEB
1 33866U 97051AK  26213.15610277  .00003923  00000+0  15093-2 0  9997
2 33866  86.3041 355.0184 0114679 137.2998 347.6599 14.26592621901082
IRIDIUM 33 DEB
1 33953U 97051BN  26213.29736269  .00002770  00000+0  60549-3 0  9995
2 33953  86.3873 313.1203 0017345  46.9223   6.8950 14.57384285916741
IRIDIUM 33 DEB
1 33960U 97051BV  26213.33861014  .00013025  00000+0  11825-2 0  9992
2 33960  86.2574 179.3289 0003873  67.0004  61.7630 14.95187042923189
IRIDIUM 33 DEB
1 34071U 97051CE  26213.24678228  .00001501  00000+0  37840-3 0  9991
2 34071  86.3427 277.1126 0009422  66.6415 293.5780 14.50503587916893
IRIDIUM 33 DEB
1 34077U 97051CL  26213.29136311  .00005845  00000+0  10031-2 0  9991
2 34077  86.3865 309.1768 0006592 315.3625 104.1570 14.68562244917276
IRIDIUM 33 DEB
1 34079U 97051CN  26213.17959809  .00009817  00000+0  99847-3 0  9991
2 34079  86.3708 262.6879 0005106 210.8814 208.2925 14.90662895924185
IRIDIUM 33 DEB
1 34088U 97051CX  26213.19196398  .00029829  00000+0  19857-2 0  9996
2 34088  86.3724 282.9403 0005191 100.8891 315.3162 15.06985067922108
IRIDIUM 33 DEB
1 34521U 97051HN  26213.21062100  .00004137  00000+0  74819-3 0  9999
2 34521  86.3775 288.3858 0004108 159.3680 200.7700 14.66181339918613
COSMOS 2251 DEB
1 33757U 93036E   26213.31070472  .00000050  00000+0  27950-4 0  9995
2 33757  74.0354 260.8534 0015551 225.6546 210.8863 14.32632062913128
COSMOS 2251 DEB
1 33758U 93036F   26213.27187424  .00002440  00000+0  59643-3 0  9995
2 33758  74.0282 138.3346 0016228 157.2297 328.0807 14.53031165916666
COSMOS 2251 DEB
1 33760U 93036H   26213.17526877  .00000142  00000+0  57913-4 0  9992
2 33760  74.0296 216.6585 0021741 262.9828 172.6104 14.35798630914465
COSMOS 2251 DEB
1 33761U 93036J   26213.29185366  .00000973  00000+0  29675-3 0  9995
2 33761  74.0350 182.3138 0023755 213.2490 214.8932 14.43123210915746
COSMOS 2251 DEB
1 33762U 93036K   26213.16477896  .00000034  00000+0  21526-4 0  9990
2 33762  74.0395 246.9094 0016435 257.5484 159.3103 14.33726009913649
COSMOS 2251 DEB
1 33764U 93036M   26213.26932449  .00000651  00000+0  21494-3 0  9991
2 33764  74.0315 204.9593 0020503 114.3714 257.2182 14.39925571914892
COSMOS 2251 DEB
1 33765U 93036N   26212.88708687  .00055384  00000+0  20189-2 0  9996
2 33765  73.9987  48.6526 0048827  81.9731 278.7006 15.26766455931277
COSMOS 2251 DEB
1 33766U 93036P   26213.06764960  .00000970  00000+0  33759-3 0  9993
2 33766  74.1851  74.6383 0063500 212.2655 147.4608 14.35603229910646
COSMOS 2251 DEB
1 33768U 93036R   26213.26059653  .00000216  00000+0  21053-3 0  9990
2 33768  74.0669 206.1219 0368026 312.4280  55.7209 13.58631912864406
COSMOS 2251 DEB
1 33779U 93036U   26213.10747279  .00009794  00000+0  14374-2 0  9990
2 33779  74.0426  80.0071 0014936  65.2608  59.3558 14.75548459919354
COSMOS 2251 DEB
1 33819U 93036BL  26213.27059035  .00001630  00000+0  57881-3 0  9991
2 33819  74.1795 150.7536 0089583 306.1313 169.9641 14.32986384908119
COSMOS 2251 DEB
1 33821U 93036BN  26213.28427659  .00032893  00000+0  76683-3 0  9992
2 33821  74.0253   7.0635 0034003 337.9810  21.9935 15.41474714785504
COSMOS 2251 DEB
1 33822U 93036BP  26213.28204961  .00001443  00000+0  68856-3 0  9992
2 33822  74.0680 144.4289 0150589 135.2353  18.6864 14.14292924893266
COSMOS 2251 DEB
1 33823U 93036BQ  26213.14302671  .00000809  00000+0  47575-3 0  9995
2 33823  73.8091 103.5899 0207984 188.6366 293.5910 13.99426900888468
COSMOS 2251 DEB
1 33825U 93036BS  26213.28064660  .00005148  00000+0  76476-3 0  9998
2 33825  73.9834 296.0675 0076634 208.4610 208.1566 14.73271367922865
COSMOS 2251 DEB
1 33826U 93036BT  26213.29365851  .00001281  00000+0  29346-3 0  9994
2 33826  74.0644 333.4744 0083430 321.1566  63.0541 14.54575743911330
COSMOS 2251 DEB
1 33828U 93036BV  26213.31350742  .00000952  00000+0  27940-3 0  9994
2 33828  74.0459 167.2067 0029015 187.7906 289.3105 14.44960139916576
COSMOS 2251 DEB
1 33830U 93036BX  26213.21532454  .00003743  00000+0  49844-3 0  9996
2 33830  74.0316 135.4658 0042366 199.6291 310.9374 14.79432032928922
COSMOS 2251 DEB
1 33832U 93036BZ  26213.22014274  .00004276  00000+0  82912-3 0  9999
2 33832  74.0547 127.1737 0021864 105.0452  16.9173 14.63416538918088
COSMOS 2251 DEB
1 33835U 93036CC  26213.22348116  .00002330  00000+0  43922-3 0  9994
2 33835  74.0566  17.5601 0054819  10.7066 163.9229 14.64168875921755
COSMOS 2251 DEB
1 33836U 93036CD  26213.29301792  .00007625  00000+0  92328-3 0  9997
2 33836  73.9964 160.4246 0024357 305.5156 174.2130 14.83595200675184
COSMOS 2251 DEB
1 33837U 93036CE  26213.30484434  .00000828  00000+0  21428-3 0  9996
2 33837  74.0137 339.4572 0033431 145.3548 214.9800 14.51135463921543
COSMOS 2251 DEB
1 33838U 93036CF  26213.09403840  .00000928  00000+0  25113-3 0  9991
2 33838  74.0358  76.3001 0026372 141.4658  13.2036 14.48966864919190
COSMOS 2251 DEB
1 33839U 93036CG  26213.23992642  .00000814  00000+0  15031-3 0  9993
2 33839  74.0393 121.4052 0083821 175.7327 347.0525 14.64991015929694
COSMOS 2251 DEB
1 33911U 93036DQ  26212.74612008  .00008120  00000+0  10642-2 0  9994
2 33911  74.0881  69.7677 0009974 296.9562 182.7560 14.80445046920575
COSMOS 2251 DEB
1 33912U 93036DR  26213.14661677  .00002037  00000+0  49813-3 0  9990
2 33912  74.0342 113.2860 0010668 143.4344 344.4375 14.53180954917934
COSMOS 2251 DEB
1 33913U 93036DS  26213.16152929  .00001201  00000+0  31748-3 0  9998
2 33913  74.0335 109.7233 0047166 156.5030 325.3362 14.49317239918096
COSMOS 2251 DEB
1 33914U 93036DT  26213.34345486  .00000279  00000+0  23647-3 0  9994
2 33914  74.0912 353.2775 0303652  42.2533 343.0996 13.72260626872584
COSMOS 2251 DEB
1 33915U 93036DU  26213.29107302  .00000673  00000+0  22762-3 0  9997
2 33915  74.0441 329.5130 0106237   4.5038  21.7770 14.35661543910805
COSMOS 2251 DEB
1 33916U 93036DV  26212.93961839  .00000411  00000+0  34680-3 0  9993
2 33916  74.0515  20.6501 0324016 141.1801 347.2913 13.68798949870549
COSMOS 2251 DEB
1 33917U 93036DW  26213.09884437  .00000457  00000+0  36769-3 0  9990
2 33917  74.1047 102.8224 0333645 149.1223 212.9998 13.69930368869015
COSMOS 2251 DEB
1 33920U 93036DZ  26213.01413924  .00004775  00000+0  96262-3 0  9996
2 33920  74.0573 217.6695 0031944 174.8309 185.3195 14.61440673914905
