NOAA 15
1 25338U 98030A   26203.31067845  .00000060  00000+0  42268-4 0  9999
2 25338  98.5065 222.9938 0009140 241.2154 118.8110 14.27155686466308
NOAA 20 (JPSS-1)
1 43013U 17073A   26203.24445070  .00000032  00000+0  36215-4 0  9993
2 43013  98.7772 142.3967 0001625 116.7646 243.3696 14.19517468449444
NOAA 21 (JPSS-2)
1 54234U 22150A   26203.27663463  .00000027  00000+0  33516-4 0  9998
2 54234  98.7059 141.4766 0002913  91.8479 268.3031 14.19541909191524
TERRA
1 25994U 99068A   26203.28767660  .00000270  00000+0  63830-4 0  9998
2 25994  97.9436 251.4387 0003635 108.9673 322.8872 14.61127534414735
AQUA
1 27424U 02022A   26203.24024874  .00000574  00000+0  12389-3 0  9990
2 27424  98.4302 173.2289 0001338 102.3212  22.0983 14.62135699288395
AURA
1 28376U 04026A   26203.24826155  .00000570  00000+0  12505-3 0  9991
2 28376  98.3435 159.9968 0001420  93.8247 266.3116 14.61374997171338
LANDSAT 8
1 39084U 13008A   26203.25242363  .00000219  00000+0  58693-4 0  9992
2 39084  98.2284 272.9681 0001331  91.7627 268.3724 14.57097583703005
LANDSAT 9
1 49260U 21088A   26203.14954496  .00000253  00000+0  66242-4 0  9998
2 49260  98.2263 272.9007 0001064  94.1214 266.0106 14.57099049256093
SENTINEL-1A
1 39634U 14016A   26203.27042273  .00000092  00000+0  29255-4 0  9994
2 39634  98.1700 210.2876 0001450  83.4719 276.6645 14.59173601655133
SENTINEL-2A
1 40697U 15028A   26203.31960466  .00000027  00000+0  26920-4 0  9991
2 40697  98.5668 277.6702 0001325  96.7713 263.3620 14.30815810578750
SENTINEL-3A
1 41335U 16011A   26203.28147600  .00000060  00000+0  43016-4 0  9999
2 41335  98.6231 270.1578 0001296  88.5490 271.5839 14.26741184543060
SENTINEL-5P
1 42969U 17064A   26203.09238384  .00000038  00000+0  38933-4 0  9998
2 42969  98.7929 144.9769 0001191  92.0991 268.0321 14.19524119454516
ISS (ZARYA)
1 25544U 98067A   26203.15321183  .00008859  00000+0  16818-3 0  9993
2 25544  51.6313 127.0562 0006883 324.3803  35.6725 15.49090344577176
CSS (TIANHE)
1 48274U 21035A   26203.00893083  .00009510  00000+0  12634-3 0  9993
2 48274  41.4674 110.5280 0001465 308.5381  51.5326 15.58239681298609
HST
1 20580U 90037B   26203.21405009  .00005689  00000+0  17638-3 0  9993
2 20580  28.4723 201.1073 0002035 171.5650 188.4980 15.31110914793948
CYGFM05
1 41884U 16078A   26202.92185296  .00026554  00000+0  34094-3 0  9995
2 41884  34.9576  30.3216 0005264 111.6586 248.4700 15.58090085534177
CYGFM04
1 41885U 16078B   26202.77943341  .00032991  00000+0  34497-3 0  9991
2 41885  34.9332 357.1389 0004370 160.7530 199.3362 15.63384742534417
CYGFM02
1 41886U 16078C   26202.77381462  .00039887  00000+0  36440-3 0  9993
2 41886  34.9412 350.6405 0005085 161.8506 198.2404 15.66729340534597
LEGION 3
1 60452U 24146A   26203.25699599  .00002868  00000+0  16170-3 0  9992
2 60452  45.0000 202.5354 0007446  13.1952 346.9120 15.15682349107345
JASON-3
1 41240U 16002A   26203.26488537 -.00000041  00000+0  83274-4 0  9999
2 41240  66.0415  52.0881 0008127 270.2738  89.7350 12.87628958491761
SENTINEL-6A
1 46984U 20086A   26202.98542457 -.00000067  00000+0 -25015-4 0  9994
2 46984  66.0410  62.7765 0007779 269.6256  90.3868 12.80930252264782
SWOT
1 54754U 22173A   26203.28662834  .00000074  00000+0  51850-4 0  9995
2 54754  77.6118 347.9248 0000214  70.8511 289.2664 14.00172702184063
SWARM B
1 39451U 13067A   26203.28722055  .00003315  00000+0  11745-3 0  9995
2 39451  87.7465 331.6554 0002239  90.5417 269.6089 15.28749922688607
SWARM A
1 39452U 13067B   26203.24852898  .00009911  00000+0  17190-3 0  9999
2 39452  87.3303  43.2015 0003325  89.8396 270.3246 15.50699017711680
TIMED
1 26998U 01055B   26202.99871388  .00001019  00000+0  95930-4 0  9990
2 26998  74.0673 164.9225 0002377 292.8552  67.2381 14.95355496336026
CRYOSAT 2
1 36508U 10013A   26203.23080301  .00000065  00000+0  15504-4 0  9996
2 36508  92.0353 285.8208 0002495  98.8342 261.3148 14.51899782863166
RESURS-DK 1
1 29228U 06021A   26203.20076336  .00001465  00000+0  88067-4 0  9990
2 29228  69.9299 248.9069 0007512 263.5689  96.4622 15.13337200107878
IRIDIUM 33
1 24946U 97051C   26202.80510306  .00000202  00000+0  63967-4 0  9990
2 24946  86.3902 335.4256 0007001 197.5887 162.5068 14.35160986510058
IRIDIUM 33 DEB
1 33773U 97051L   26202.36021922  .00000604  00000+0  17185-3 0  9996
2 33773  86.4038 327.0817 0012759 136.3525 223.8688 14.43697915915305
IRIDIUM 33 DEB
1 33775U 97051N   26203.30172942  .00001011  00000+0  30134-3 0  9994
2 33775  86.3650 314.9289 0014636 144.1231 236.4959 14.42103406913339
IRIDIUM 33 DEB
1 33776U 97051P   26202.38784852  .00000539  00000+0  16965-3 0  9991
2 33776  86.4065 348.0782 0014294 184.7253 204.6175 14.38576761912543
IRIDIUM 33 DEB
1 33777U 97051Q   26202.72485144  .00002889  00000+0  63726-3 0  9999
2 33777  86.3789 298.9712 0005490 214.7764 145.3087 14.57071024917508
IRIDIUM 33 DEB
1 33850U 97051T   26203.20862016  .00000700  00000+0  20394-3 0  9996
2 33850  86.3414 294.9162 0013104 150.0570 278.8949 14.42749529913453
IRIDIUM 33 DEB
1 33860U 97051AD  26202.68979963  .00004523  00000+0  74087-3 0  9993
2 33860  86.3810 289.1532 0005557 299.5852 213.0823 14.70569955919661
IRIDIUM 33 DEB
1 33862U 97051AF  26202.30272753  .00002867  00000+0  42634-3 0  9999
2 33862  86.4086 299.8830 0048061  26.0866  31.8060 14.73820738920688
IRIDIUM 33 DEB
1 33866U 97051AK  26202.40564848  .00003102  00000+0  11954-2 0  9996
2 33866  86.3027 359.5743 0113673 171.4026 218.4277 14.26504713899552
IRIDIUM 33 DEB
1 33953U 97051BN  26203.08022285  .00002518  00000+0  55042-3 0  9999
2 33953  86.3869 317.5656 0018245  77.8198  46.6578 14.57322939915251
IRIDIUM 33 DEB
1 33960U 97051BV  26202.94540582  .00013843  00000+0  12664-2 0  9991
2 33960  86.2568 184.2981 0004498  73.0872 315.3109 14.94885244921635
IRIDIUM 33 DEB
1 34071U 97051CE  26203.17474860  .00001270  00000+0  31941-3 0  9997
2 34071  86.3434 281.4984 0009904  92.7804 267.4535 14.50472316915430
IRIDIUM 33 DEB
1 34077U 97051CL  26202.74732922  .00006259  00000+0  10779-2 0  9998
2 34077  86.3858 313.8476 0007715   1.2791 152.8823 14.68412727915728
IRIDIUM 33 DEB
1 34079U 97051CN  26203.17682584  .00013485  00000+0  13808-2 0  9991
2 34079  86.3715 267.2925 0003619 256.9767 163.5577 14.90408133922694
IRIDIUM 33 DEB
1 34088U 97051CX  26202.64725848  .00034760  00000+0  23610-2 0  9994
2 34088  86.3749 287.9138 0005898 136.0317   6.3560 15.06213864920514
IRIDIUM 33 DEB
1 34521U 97051HN  26202.22218257  .00003549  00000+0  64282-3 0  9993
2 34521  86.3782 293.2453 0002715 187.9488 172.1683 14.66078205917003
COSMOS 2251 DEB
1 33757U 93036E   26202.91452638  .00000039  00000+0  23786-4 0  9997
2 33757  74.0370 279.8335 0015771 245.8527 234.1800 14.32630452911637
COSMOS 2251 DEB
1 33758U 93036F   26203.27856692  .00002097  00000+0  51421-3 0  9998
2 33758  74.0268 157.1992 0016480 179.7482 253.7369 14.52979093915218
COSMOS 2251 DEB
1 33760U 93036H   26203.21043458  .00000131  00000+0  54376-4 0  9993
2 33760  74.0297 234.9515 0021718 282.6152 146.7628 14.35794872913034
COSMOS 2251 DEB
1 33761U 93036J   26203.10223080  .00000896  00000+0  27411-3 0  9990
2 33761  74.0339 201.2364 0024102 234.1526 198.2295 14.43103154914273
COSMOS 2251 DEB
1 33762U 93036K   26202.28099387  .00000011  00000+0  13433-4 0  9999
2 33762  74.0408 266.8096 0016409 278.5936 145.1282 14.33724423912089
COSMOS 2251 DEB
1 33764U 93036M   26203.13572807  .00000518  00000+0  17262-3 0  9994
2 33764  74.0312 223.6847 0020726 136.4605 286.7330 14.39911773913430
COSMOS 2251 DEB
1 33765U 93036N   26203.05440898  .00050114  00000+0  18845-2 0  9994
2 33765  73.9990  69.5083 0051658 105.7520 254.9386 15.25637052929776
COSMOS 2251 DEB
1 33766U 93036P   26203.10252058  .00000905  00000+0  31555-3 0  9997
2 33766  74.1859  92.7547 0063833 233.1919 126.3368 14.35583608909219
COSMOS 2251 DEB
1 33768U 93036R   26203.32043796  .00000142  00000+0  14508-3 0  9992
2 33768  74.0663 222.1716 0367911 330.6530  37.7776 13.58626697863055
COSMOS 2251 DEB
1 33779U 93036U   26202.71571300  .00013019  00000+0  19196-2 0  9997
2 33779  74.0433 100.3200 0014543  87.4306 303.9124 14.75297357917822
COSMOS 2251 DEB
1 33819U 93036BL  26203.06986888  .00001610  00000+0  57192-3 0  9995
2 33819  74.1784 169.2262 0089635 327.1951 107.9127 14.32950480906653
COSMOS 2251 DEB
1 33821U 93036BN  26202.24805420  .00028182  00000+0  67746-3 0  9998
2 33821  74.0246  30.9708 0032884   6.1032 354.0570 15.40623060783803
COSMOS 2251 DEB
1 33822U 93036BP  26203.30778956  .00001464  00000+0  69870-3 0  9994
2 33822  74.0675 162.0711 0150611 155.5810 355.4724 14.14261525891858
COSMOS 2251 DEB
1 33823U 93036BQ  26202.49077727  .00000663  00000+0  39253-3 0  9994
2 33823  73.8098 122.2729 0208334 209.2625 268.4568 13.99410264886973
COSMOS 2251 DEB
1 33825U 93036BS  26202.77316870  .00004653  00000+0  69345-3 0  9990
2 33825  73.9835 316.6116 0076982 231.0585 281.6075 14.73153065921318
COSMOS 2251 DEB
1 33826U 93036BT  26202.70084838  .00000882  00000+0  20443-3 0  9996
2 33826  74.0639 353.4806 0083066 344.1720  34.3454 14.54550206909795
COSMOS 2251 DEB
1 33828U 93036BV  26203.05650861  .00000876  00000+0  25765-3 0  9997
2 33828  74.0448 186.2983 0029453 209.5360 214.1617 14.44940500915095
COSMOS 2251 DEB
1 33830U 93036BX  26203.20380310  .00003953  00000+0  52703-3 0  9997
2 33830  74.0307 155.1718 0042771 221.9520 271.5246 14.79345273927448
COSMOS 2251 DEB
1 33832U 93036BZ  26203.31447164  .00004507  00000+0  87536-3 0  9990
2 33832  74.0539 146.1547 0021758 127.3465  31.8076 14.63320448916633
COSMOS 2251 DEB
1 33835U 93036CC  26203.23735131  .00002332  00000+0  44014-3 0  9996
2 33835  74.0551  36.7207 0054574  32.7338  87.6284 14.64114634920293
COSMOS 2251 DEB
1 33836U 93036CD  26203.30252610  .00008212  00000+0  99808-3 0  9995
2 33836  73.9950 180.2596 0024434 327.2916  99.1836 14.83422052673706
COSMOS 2251 DEB
1 33837U 93036CE  26202.82592799  .00000748  00000+0  19433-3 0  9999
2 33837  74.0126 359.1984 0033894 167.7639 192.4353 14.51117330920027
COSMOS 2251 DEB
1 33838U 93036CF  26203.06588142  .00000818  00000+0  22235-3 0  9996
2 33838  74.0367  95.0991 0026647 163.3181 263.3235 14.48947304917741
COSMOS 2251 DEB
1 33839U 93036CG  26202.31270836  .00000524  00000+0  98870-4 0  9995
2 33839  74.0392 142.4189 0084312 199.5315 317.6333 14.64972911928091
COSMOS 2251 DEB
1 33911U 93036DQ  26202.88073892  .00009042  00000+0  11893-2 0  9993
2 33911  74.0889  89.1481 0010050 317.9714 168.3533 14.80269180919113
COSMOS 2251 DEB
1 33912U 93036DR  26202.79978167  .00001603  00000+0  39373-3 0  9992
2 33912  74.0337 132.8152 0010902 167.3432 214.5317 14.53135199916431
COSMOS 2251 DEB
1 33913U 93036DS  26202.79007495  .00000969  00000+0  25773-3 0  9993
2 33913  74.0339 129.1791 0047499 178.8123 212.0531 14.49290968916596
COSMOS 2251 DEB
1 33914U 93036DT  26202.48277767  .00000252  00000+0  21455-3 0  9999
2 33914  74.0900  11.1855 0303585  62.7410 329.9350 13.72252482871099
COSMOS 2251 DEB
1 33915U 93036DU  26202.42147587  .00000478  00000+0  16422-3 0  9998
2 33915  74.0434 349.4514 0105949  27.2809   3.6888 14.35644978909249
COSMOS 2251 DEB
1 33916U 93036DV  26202.91552148  .00000373  00000+0  31673-3 0  9995
2 33916  74.0507  37.1260 0324163 159.8716 271.9578 13.68789614869175
COSMOS 2251 DEB
1 33917U 93036DW  26202.21793882  .00000239  00000+0  20024-3 0  9990
2 33917  74.1056 120.6819 0333982 169.5761 191.2517 13.69921580867526
COSMOS 2251 DEB
1 33920U 93036DZ  26202.54030274  .00003864  00000+0  78190-3 0  9993
2 33920  74.0582 237.6727 0032302 197.1491 162.8587 14.61339933913373
