NOAA 15
1 25338U 98030A   26198.33290434  .00000032  00000+0  30751-4 0  9999
2 25338  98.5064 218.1505 0009018 257.7101 102.3070 14.27154735465599
NOAA 20 (JPSS-1)
1 43013U 17073A   26198.31042232  .00000017  00000+0  29162-4 0  9993
2 43013  98.7772 137.5063 0001469 122.2093 237.9226 14.19516701448740
NOAA 21 (JPSS-2)
1 54234U 22150A   26198.27220067  .00000001  00000+0  21153-4 0  9996
2 54234  98.7059 136.5562 0002863 101.0488 259.1010 14.19541218190810
TERRA
1 25994U 99068A   26198.22030542  .00000172  00000+0  43912-4 0  9997
2 25994  97.9440 246.5733 0003489 118.7184 314.4319 14.61124594413996
AQUA
1 27424U 02022A   26198.23213147  .00000338  00000+0  76968-4 0  9997
2 27424  98.4298 168.1195 0001226 101.4578 317.4190 14.62130152287668
AURA
1 28376U 04026A   26198.24999778  .00000347  00000+0  79994-4 0  9994
2 28376  98.3431 154.9557 0001346  93.6409 266.4946 14.61369436170601
LANDSAT 8
1 39084U 13008A   26198.23949571  .00000103  00000+0  32947-4 0  9994
2 39084  98.2289 268.0158 0001360  91.2914 268.8440 14.57094951702275
LANDSAT 9
1 49260U 21088A   26198.20529165  .00000154  00000+0  44380-4 0  9998
2 49260  98.2269 268.0173 0001117  89.7332 270.3994 14.57096328255379
SENTINEL-1A
1 39634U 14016A   26198.12747764 -.00000104  00000+0 -12369-4 0  9992
2 39634  98.1769 205.2234 0001426  85.8154 274.3209 14.59195939654387
SENTINEL-2A
1 40697U 15028A   26198.28463184 -.00000180  00000+0 -52036-4 0  9994
2 40697  98.5679 272.7076 0001281  95.4745 264.6584 14.30814040578032
SENTINEL-3A
1 41335U 16011A   26198.30226814  .00000042  00000+0  35386-4 0  9991
2 41335  98.6236 265.2512 0001341  89.4511 270.6824 14.26740128542355
SENTINEL-5P
1 42969U 17064A   26198.22886611  .00000010  00000+0  25841-4 0  9992
2 42969  98.7929 140.1476 0001162  93.4118 266.7191 14.19523435453826
ISS (ZARYA)
1 25544U 98067A   26198.25023249  .00003610  00000+0  73578-4 0  9996
2 25544  51.6315 151.3159 0006795 305.6667  54.3688 15.49030578576417
CSS (TIANHE)
1 48274U 21035A   26198.26602711  .00001169  00000+0  19327-4 0  9999
2 48274  41.4689 139.2812 0001963 303.2337  56.8313 15.58142333297868
HST
1 20580U 90037B   26198.26027256  .00003243  00000+0  97529-4 0  9997
2 20580  28.4720 234.9835 0002186 123.3656 236.7149 15.31073496793186
CYGFM05
1 41884U 16078A   26198.05206390  .00016094  00000+0  20855-3 0  9990
2 41884  34.9568  62.6339 0005617  56.6119 303.5143 15.57913672533419
CYGFM04
1 41885U 16078B   26197.92610276  .00021379  00000+0  22614-3 0  9995
2 41885  34.9327  29.6054 0004097 105.3496 254.7683 15.63154078533657
CYGFM02
1 41886U 16078C   26197.93078901  .00026622  00000+0  24656-3 0  9994
2 41886  34.9409  23.1954 0004870 108.2529 251.8729 15.66451663533837
LEGION 3
1 60452U 24146A   26198.24791784  .00001233  00000+0  77362-4 0  9999
2 60452  45.0016 229.3857 0008012 345.1677  14.8965 15.15662038106585
JASON-3
1 41240U 16002A   26198.29401824 -.00000031  00000+0  12269-3 0  9993
2 41240  66.0416  62.5396 0008160 270.7288  89.2795 12.87628745491123
SENTINEL-6A
1 46984U 20086A   26198.06664197 -.00000042  00000+0  84161-4 0  9992
2 46984  66.0412  72.9935 0007777 269.7294  90.2830 12.80930174264159
SWOT
1 54754U 22173A   26198.28483772 -.00000036  00000+0 -22456-4 0  9990
2 54754  77.6112 354.6769 0000234  70.4479 289.6698 14.00172456183360
SWARM B
1 39451U 13067A   26198.31232697  .00001946  00000+0  68447-4 0  9990
2 39451  87.7461 333.1655 0002255  84.3012 275.8494 15.28725221687842
SWARM A
1 39452U 13067B   26198.21704719  .00005800  00000+0  97516-4 0  9991
2 39452  87.3296  45.0739 0003334  92.8557 267.3086 15.51482334710902
TIMED
1 26998U 01055B   26197.98103171  .00000549  00000+0  53380-4 0  9990
2 26998  74.0666 175.0261 0002262 298.9888  61.1069 14.95346620335274
CRYOSAT 2
1 36508U 10013A   26198.26855044  .00000107  00000+0  25800-4 0  9993
2 36508  92.0358 284.6146 0002418  98.7314 261.4168 14.51898856862446
RESURS-DK 1
1 29228U 06021A   26197.45020316  .00000852  00000+0  53811-4 0  9994
2 29228  69.9306 263.7965 0007178 269.6714  90.3630 15.13321208107009
IRIDIUM 33
1 24946U 97051C   26197.92450767  .00000120  00000+0  35213-4 0  9992
2 24946  86.3896 337.4733 0006427 215.8275 144.2491 14.35159517509354
IRIDIUM 33 DEB
1 33773U 97051L   26198.34018286  .00000423  00000+0  11868-3 0  9998
2 33773  86.4035 328.7853 0012385 147.9181 212.2776 14.43693593914724
IRIDIUM 33 DEB
1 33775U 97051N   26198.30754939  .00000671  00000+0  19801-3 0  9998
2 33775  86.3649 317.0622 0014116 158.6290 230.9362 14.42094545912610
IRIDIUM 33 DEB
1 33776U 97051P   26197.95391564  .00000344  00000+0  10599-3 0  9992
2 33776  86.4059 349.9406 0013689 199.6179 281.5463 14.38572477911901
IRIDIUM 33 DEB
1 33777U 97051Q   26198.26092262  .00001775  00000+0  38994-3 0  9999
2 33777  86.3791 300.9169 0005064 233.7836 126.2905 14.57048026916859
IRIDIUM 33 DEB
1 33850U 97051T   26198.27485646  .00000548  00000+0  15844-3 0  9990
2 33850  86.3416 297.0393 0012528 164.6749 215.1857 14.42743679912746
IRIDIUM 33 DEB
1 33860U 97051AD  26198.24348654  .00002703  00000+0  44152-3 0  9994
2 33860  86.3816 291.1317 0005836 321.4526  67.8664 14.70539477919017
IRIDIUM 33 DEB
1 33862U 97051AF  26198.29091493  .00002143  00000+0  31763-3 0  9999
2 33862  86.4093 301.6638 0048695  39.8203 346.4841 14.73802104920098
IRIDIUM 33 DEB
1 33866U 97051AK  26197.94052442  .00001948  00000+0  74919-3 0  9997
2 33866  86.3023   1.4664 0113089 185.7062 328.4261 14.26483082898911
IRIDIUM 33 DEB
1 33953U 97051BN  26198.13530872  .00001515  00000+0  32949-3 0  9991
2 33953  86.3867 319.7171 0018466  92.4446  26.1954 14.57301275914530
IRIDIUM 33 DEB
1 33960U 97051BV  26197.99653941  .00006724  00000+0  61560-3 0  9993
2 33960  86.2568 186.6638 0004604  77.6691 336.5773 14.94804246920890
IRIDIUM 33 DEB
1 34071U 97051CE  26198.20764087  .00000868  00000+0  21665-3 0  9991
2 34071  86.3439 283.6611 0009928 105.3843 254.8459 14.50460998914714
IRIDIUM 33 DEB
1 34077U 97051CL  26198.29419900  .00003440  00000+0  59119-3 0  9991
2 34077  86.3865 315.8199 0008405  17.6452  11.7122 14.68373634915078
IRIDIUM 33 DEB
1 34079U 97051CN  26198.20172962  .00006495  00000+0  66561-3 0  9990
2 34079  86.3718 269.5824 0003345 287.8034  97.6278 14.90324411921955
IRIDIUM 33 DEB
1 34088U 97051CX  26198.24145310  .00017002  00000+0  11622-2 0  9994
2 34088  86.3767 289.9899 0005877 148.6702 241.5582 15.06032317919858
IRIDIUM 33 DEB
1 34521U 97051HN  26198.26343803  .00002392  00000+0  43212-3 0  9992
2 34521  86.3789 294.9958 0002167 203.0442 157.0675 14.66055307916425
COSMOS 2251 DEB
1 33757U 93036E   26198.21780061  .00000039  00000+0  24025-4 0  9995
2 33757  74.0375 288.4076 0015822 254.8800 131.6484 14.32629845910969
COSMOS 2251 DEB
1 33758U 93036F   26198.25036058  .00001234  00000+0  30557-3 0  9994
2 33758  74.0263 166.6905 0016662 190.8086 232.4484 14.52960046914486
COSMOS 2251 DEB
1 33760U 93036H   26198.11474774  .00000085  00000+0  38546-4 0  9993
2 33760  74.0303 244.3056 0021626 292.7018  88.3758 14.35793426912306
COSMOS 2251 DEB
1 33761U 93036J   26198.03179705  .00000474  00000+0  14889-3 0  9996
2 33761  74.0336 210.6525 0024232 244.4471 136.9113 14.43094997913541
COSMOS 2251 DEB
1 33762U 93036K   26198.22753692  .00000027  00000+0  19096-4 0  9991
2 33762  74.0415 274.2206 0016377 286.4072 104.1707 14.33724039911502
COSMOS 2251 DEB
1 33764U 93036M   26197.79712185  .00000316  00000+0  10875-3 0  9992
2 33764  74.0316 233.5495 0020921 147.8712 332.9046 14.39906605912665
COSMOS 2251 DEB
1 33765U 93036N   26198.13574785  .00019127  00000+0  72913-3 0  9995
2 33765  73.9995  79.9292 0052167 117.5803 243.0710 15.25353026929023
COSMOS 2251 DEB
1 33766U 93036P   26198.15475579  .00000518  00000+0  18418-3 0  9993
2 33766  74.1859 101.7488 0064017 243.5685 115.8891 14.35575234908505
COSMOS 2251 DEB
1 33768U 93036R   26198.09642404  .00000043  00000+0  57649-4 0  9994
2 33768  74.0665 230.6062 0367780 340.2509  46.8405 13.58625340862347
COSMOS 2251 DEB
1 33779U 93036U   26197.84024056  .00006938  00000+0  10282-2 0  9994
2 33779  74.0439 109.8472 0014196  98.2619 330.7023 14.75218724917102
COSMOS 2251 DEB
1 33819U 93036BL  26197.97041301  .00000876  00000+0  31537-3 0  9997
2 33819  74.1779 178.4608 0089538 337.7835  81.9788 14.32936158905922
COSMOS 2251 DEB
1 33821U 93036BN  26197.63717687  .00021970  00000+0  53275-3 0  9991
2 33821  74.0238  40.9506 0032631  17.9564 342.2788 15.40413377783090
COSMOS 2251 DEB
1 33822U 93036BP  26197.98800013  .00001038  00000+0  49910-3 0  9990
2 33822  74.0674 171.4814 0150748 166.4190 270.6268 14.14249059891105
COSMOS 2251 DEB
1 33823U 93036BQ  26198.28226091  .00000478  00000+0  28751-3 0  9990
2 33823  73.8097 129.6538 0208531 217.4169 306.4660 13.99404770886380
COSMOS 2251 DEB
1 33825U 93036BS  26198.33567385  .00002083  00000+0  31383-3 0  9991
2 33825  73.9839 325.2869 0077031 240.6365 148.4795 14.73123430920660
COSMOS 2251 DEB
1 33826U 93036BT  26197.91339097  .00000833  00000+0  19345-3 0  9997
2 33826  74.0637   2.5229 0083053 354.5851 165.3389 14.54543336909091
COSMOS 2251 DEB
1 33828U 93036BV  26197.45981727  .00000479  00000+0  14455-3 0  9994
2 33828  74.0444 196.7157 0029648 221.1718 261.6495 14.44932237914282
COSMOS 2251 DEB
1 33830U 93036BX  26198.26726177  .00001978  00000+0  26636-3 0  9992
2 33830  74.0306 164.8877 0042966 232.8092 261.7092 14.79316525926718
COSMOS 2251 DEB
1 33832U 93036BZ  26198.32207207  .00002389  00000+0  46727-3 0  9999
2 33832  74.0540 155.7203 0021778 138.7673  11.8734 14.63287056915904
COSMOS 2251 DEB
1 33835U 93036CC  26198.05061340  .00001648  00000+0  31303-3 0  9999
2 33835  74.0557  46.6718 0054500  44.1349 109.4346 14.64092919919532
COSMOS 2251 DEB
1 33836U 93036CD  26198.23463875  .00003604  00000+0  44146-3 0  9992
2 33836  73.9944 190.3198 0024363 338.2468  35.9988 14.83369151672956
COSMOS 2251 DEB
1 33837U 93036CE  26198.20689127  .00000367  00000+0  99118-4 0  9993
2 33837  74.0122   7.9010 0034069 177.5596 182.5738 14.51111127919356
COSMOS 2251 DEB
1 33838U 93036CF  26198.18165700  .00000480  00000+0  13338-3 0  9992
2 33838  74.0369 104.2543 0026806 173.8634 346.0806 14.48939928917033
COSMOS 2251 DEB
1 33839U 93036CG  26197.92318935  .00000336  00000+0  65602-4 0  9996
2 33839  74.0387 150.8601 0084512 209.0452 207.8298 14.64968535927454
COSMOS 2251 DEB
1 33911U 93036DQ  26198.15626227  .00004686  00000+0  61977-3 0  9991
2 33911  74.0892  98.4279 0010083 327.5870 193.2769 14.80215061918410
COSMOS 2251 DEB
1 33912U 93036DR  26198.28089084  .00001072  00000+0  26562-3 0  9997
2 33912  74.0335 141.3439 0011046 177.5286 334.5153 14.53121491915779
COSMOS 2251 DEB
1 33913U 93036DS  26198.25731196  .00000649  00000+0  17493-3 0  9995
2 33913  74.0335 137.6815 0047669 188.5301 322.5868 14.49282589915935
COSMOS 2251 DEB
1 33914U 93036DT  26198.28356287  .00000178  00000+0  15577-3 0  9991
2 33914  74.0897  18.1101 0303559  70.6603 105.3523 13.72250125870514
COSMOS 2251 DEB
1 33915U 93036DU  26197.91037972  .00000411  00000+0  14250-3 0  9995
2 33915  74.0429 357.7267 0105856  36.7320  88.8593 14.35640922908590
COSMOS 2251 DEB
1 33916U 93036DV  26198.03037627  .00000247  00000+0  21553-3 0  9998
2 33916  74.0506  45.1555 0324206 168.9887 319.7344 13.68786191868503
COSMOS 2251 DEB
1 33917U 93036DW  26198.20147536  .00000213  00000+0  18027-3 0  9994
2 33917  74.1055 127.2743 0334106 177.1221 183.1930 13.69919816866975
COSMOS 2251 DEB
1 33920U 93036DZ  26198.09043808  .00002240  00000+0  45610-3 0  9992
2 33920  74.0592 246.1704 0032489 206.4451 153.5059 14.61313361912726
